2^10=>{1},e=1023
3^10=>{2,1},e=58024
4^10=>{3,2,1},e=988502
5^10=>{4,3,2,1},e=8656975
6^10=>{5,4,3,2,1},e=49591901
7^10=>{6,5,4,3,2,1},e=211134798
8^10=>{7,6,5,4,3,2,1},e=719926124
9^10=>{8,7,6,5,4,3,2,1},e=2059226877
10^10=>{9,8,7,6,5,4,3,2,1},e=5085658075
11^10=>{10,9,8,7,6,5,4,3,2,1},e=11023082676
12^10=>{11,10,9,8,7,6,5,4,3,2,1},e=21065597698
13^10=>{12,11,10,9,8,7,6,5,4,3,2,1},e=35089361099
14^10=>{13,12,11,10,9,8,7,6,5,4,3,2,1},e=48627032377
15^10=>{14,13,12,11,10,9,8,7,6,5,4,3,2,1},e=46768113050
16^10=>{15,14,13,12,11,10},e=-2106698499
17^10=>{16,15,14,11,10,9,8,7,6,5,4,3,2,1},e=9725460546
18^10=>{17,16,14,13,11,8,7,6,5,4,3,2,1},e=483569449
19^10=>{18,17,14,13,12,11,10,9,8,7,6,5,4,3,2,1},e=14722853153
20^10=>{19,18,14,13,12,11,10,9,8,7,6,5,4,3,2,1},e=8584238000
21^10=>{20,19,14,10,9,8,7,6,5,4,3,2,1},e=4645723499
22^10=>{21,19,18,13,11,10,9,8,6,5,4,3,2,1},e=80545672
23^10=>{22,20,18,15,14,13,12},e=-9559706073
24^10=>{22,21,20,19,17,16,15,12,11,10,9},e=-986554126
25^10=>{23,22,21,20,14,13,11,10},e=-1933914075
26^10=>{24,23,22,19,18,12,10,9,7,6,3,2,1},e=48378
27^10=>{26,23,21,18,17,15,14,13,11,8,7,6,5,4,3,2,1},e=54602775
28^10=>{27,23,22,20,19,18,17,14,12,10,7,6,5,4,3,2,1},e=147375928
