3^10=>{1,2},e=58024
4^10=>{1,2,3},e=988502
5^10=>{1,2,3,4},e=8656975
6^10=>{1,2,3,4,5},e=49591901
7^10=>{1,2,3,4,5,6},e=211134798
8^10=>{1,2,3,4,5,6,7},e=719926124
9^10=>{1,2,3,4,5,6,7,8},e=2059226877
10^10=>{1,2,3,4,5,6,7,8,9},e=5085658075
11^10=>{1,2,3,4,5,6,7,8,9,10},e=11023082676
12^10=>{1,2,3,4,5,6,7,8,9,10,11},e=21065597698
13^10=>{1,2,3,4,5,6,7,8,9,10,11,12},e=35089361099
14^10=>{1,2,3,4,5,6,7,8,9,10,11,12,13},e=48627032377
15^10=>{1,2,3,4,5,6,7,8,9,10,11,12,13,14},e=46768113050
16^10=>{10,11,12,13,14,15},e=-2106698499
17^10=>{12,14,15,16},e=-11340137152
18^10=>{9,11,13,14,16,17},e=-1575657428
19^10=>{15,17,18},e=-32045259897
20^10=>{13,14,15,16,17,19},e=-10335323476
21^10=>{11,14,19,20},e=-6377359177
22^10=>{7,8,9,10,11,13,18,19,21},e=-130589126
23^10=>{12,13,14,15,18,20,22},e=-9559706073
24^10=>{9,10,11,12,15,16,17,19,20,21,22},e=-986554126
25^10=>{10,11,13,14,20,21,22,23},e=-1933914075
26^10=>{4,6,7,9,10,12,18,19,22,23,24},e=-940124
27^10=>{7,8,9,10,11,12,13,16,17,18,19,20,23,26},e=-70067174
28^10=>{9,11,13,14,16,21,23,25,26},e=-201774030
29^10=>{9,10,12,14,15,16,17,18,20,21,22,24,28},e=-79299
30^10=>{6,8,10,12,13,16,18,19,24,25,29},e=-1082476
31^10=>{7,9,10,11,13,14,15,17,18,19,22,24,28,29},e=-14378199
32^10=>{5,6,8,13,15,18,19,22,24,27,31},e=-2330150
33^10=>{7,10,14,17,19,20,22,23,24,26,29,31},e=-42928853
34^10=>{6,7,9,15,18,22,27,28,33},e=-129245
35^10=>{14,15,16,18,20,25,28,31,33},e=-965675
36^10=>{4,7,10,14,15,16,17,20,22,23,24,25,26,27,28,29,31,33},e=-634649
37^10=>{5,8,9,10,11,13,16,19,20,21,24,26,27,28,30,31,32,33},e=-7150928
38^10=>{4,5,6,7,8,10,11,14,17,18,19,20,21,23,24,25,26,28,31,32,36},e=-6729
39^10=>{5,6,7,9,10,11,12,14,16,17,18,19,20,21,22,23,25,26,27,28,29,34,37},e=-3601475
40^10=>{4,5,8,9,10,15,16,17,18,21,23,24,25,26,27,28,29,31,32,33,34,36},e=-238027
41^10=>{4,5,7,9,10,13,17,19,20,25,28,29,32,33,36,38},e=-366072
42^10=>{5,7,10,13,15,17,18,20,22,24,26,27,28,29,34,35,37,38},e=-54521
43^10=>{4,5,8,12,13,16,23,25,27,28,29,30,31,32,33,34,38,39},e=-27648
44^10=>{4,5,6,8,9,11,12,16,17,18,20,21,25,26,27,31,33,35,43},e=-344075
45^10=>{3,5,7,9,10,11,12,15,18,22,23,25,27,28,29,31,34,36,37,43},e=-16396
46^10=>{3,4,5,6,7,8,15,17,18,19,20,23,24,27,29,30,32,33,34,36,37,38,43},e=-49444
47^10=>{4,6,7,12,13,22,23,29,32,33,38,39,41,43},e=-44847
48^10=>{4,5,6,7,8,10,14,15,16,17,20,21,22,24,25,26,28,30,34,40,42,45},e=-3903
49^10=>{3,5,10,11,13,15,20,21,24,25,26,27,28,29,32,37,38,40,41,46},e=-25274
50^10=>{3,4,7,9,10,11,14,15,17,19,22,23,25,26,28,31,32,34,35,40,49},e=-1052
51^10=>{4,6,7,8,15,24,25,29,30,36,40,42,45,47},e=-2125
52^10=>{3,4,8,9,10,12,17,18,19,20,23,24,29,33,37,42,43,45,48},e=-10170
53^10=>{5,7,9,13,14,17,21,22,23,25,27,28,30,36,38,41,47,50},e=-7122
54^10=>{5,6,7,9,10,13,15,18,19,21,22,23,25,26,28,30,34,36,38,41,43,48,50},e=-3123
55^10=>{2,4,7,9,10,13,15,19,20,21,22,24,25,28,29,30,31,41,42,43,49,51},e=-428
56^10=>{3,4,5,8,11,13,15,16,17,21,23,28,30,34,37,38,39,42,43,48,49,50},e=-20
57^10=>{2,7,8,10,11,12,13,14,17,18,19,20,21,23,24,26,27,33,37,39,40,43,46,50,53},e=-396
58^10=>{2,3,6,9,10,11,12,14,16,17,18,19,20,21,23,24,26,27,28,29,30,31,32,36,40,44,53,54},e=-355
59^10=>{3,4,5,6,10,11,14,18,21,22,23,25,26,29,30,33,35,38,43,46,49,52,54},e=-426
60^10=>{2,6,9,10,11,12,16,18,20,22,24,26,27,28,31,35,38,39,42,43,51,53,55},e=-74
61^10=>{2,4,11,14,18,19,20,21,23,25,29,31,33,35,36,39,40,45,48,49,52,57},e=-52
62^10=>{2,3,5,6,7,8,9,11,12,15,16,18,21,22,23,27,30,37,42,53,54,58},e=-19
63^10=>{2,3,5,7,14,15,17,20,21,25,27,28,29,30,35,36,39,40,43,44,46,47,56,59},e=-77
