2^11=>{1},e=2047
3^11=>{2,1},e=175098
4^11=>{3,2,1},e=4015108
5^11=>{4,3,2,1},e=44454625
6^11=>{5,4,3,2,1},e=309595431
7^11=>{6,5,4,3,2,1},e=1561328062
8^11=>{7,6,5,4,3,2,1},e=6196609168
9^11=>{8,7,6,5,4,3,2,1},e=20397799593
10^11=>{9,8,7,6,5,4,3,2,1},e=57635680375
11^11=>{10,9,8,7,6,5,4,3,2,1},e=142947350986
12^11=>{11,10,9,8,7,6,5,4,3,2,1},e=315332380452
13^11=>{12,11,10,9,8,7,6,5,4,3,2,1},e=621476033113
14^11=>{13,12,11,10,9,8,7,6,5,4,3,2,1},e=1086720414703
15^11=>{14,13,12,11,10,9,8,7,6,5,4,3,2,1},e=1637345934750
16^11=>{15,14,13,12,11,10,9,8,7,6,5,4,3,2,1},e=1930020260416
17^11=>{16,15,14,13,12,11,10,9,8,7,6,5,4,3,2,1},e=1017544479217
18^11=>{17,16,15,14},e=-294993301856
19^11=>{18,17,16,11,10},e=-27545203673
20^11=>{19,18,16,14,13,12},e=-135588956256
21^11=>{20,19,16,15,13,12,10,9,8,7,6,5,4,3,2,1},e=67766655861
22^11=>{21,20,16,15,13,12,11,10,9,8,7,6,5,4,3,2,1},e=36014210355
23^11=>{22,20,19,17,15,14,11},e=-55331402903
24^11=>{23,21,20,15,14,12,11,9,8,7,6,5,4,3,2,1},e=23879322913
25^11=>{24,22,20,18,15,11,10,9,8,7,6,5,4,3,2,1},e=40504506430
26^11=>{25,22,21,20,19,16,15,14},e=-18871953072
27^11=>{26,24,20,19,17,15,13,12,11,7,6,5,4,3,2,1},e=151572736
28^11=>{26,25,23,22,21,20,19,16,15,14},e=-8136370679
