3^11=>{1,2},e=175098
4^11=>{1,2,3},e=4015108
5^11=>{1,2,3,4},e=44454625
6^11=>{1,2,3,4,5},e=309595431
7^11=>{1,2,3,4,5,6},e=1561328062
8^11=>{1,2,3,4,5,6,7},e=6196609168
9^11=>{1,2,3,4,5,6,7,8},e=20397799593
10^11=>{1,2,3,4,5,6,7,8,9},e=57635680375
11^11=>{1,2,3,4,5,6,7,8,9,10},e=142947350986
12^11=>{1,2,3,4,5,6,7,8,9,10,11},e=315332380452
13^11=>{1,2,3,4,5,6,7,8,9,10,11,12},e=621476033113
14^11=>{1,2,3,4,5,6,7,8,9,10,11,12,13},e=1086720414703
15^11=>{1,2,3,4,5,6,7,8,9,10,11,12,13,14},e=1637345934750
16^11=>{1,2,3,4,5,6,7,8,9,10,11,12,13,14,15},e=1930020260416
17^11=>{1,2,3,4,5,6,7,8,9,10,11,12,13,14,15,16},e=1017544479217
18^11=>{14,15,16,17},e=-294993301856
19^11=>{10,11,16,17,18},e=-27545203673
20^11=>{12,13,14,16,18,19},e=-135588956256
21^11=>{1,2,3,4,5,6,7,8,9,10,12,13,15,16,19,20},e=67766655861
22^11=>{1,2,3,4,5,6,7,8,9,10,11,12,13,15,16,20,21},e=36014210355
23^11=>{11,14,15,17,19,20,22},e=-55331402903
24^11=>{1,2,3,4,5,6,7,8,9,11,12,14,15,20,21,23},e=23879322913
25^11=>{1,2,3,4,5,6,7,8,9,10,11,15,18,20,22,24},e=40504506430
26^11=>{14,15,16,19,20,21,22,25},e=-18871953072
27^11=>{1,2,3,4,5,6,7,11,12,13,15,17,19,20,24,26},e=151572736
28^11=>{14,15,16,19,20,21,22,23,25,26},e=-8136370679
29^11=>{1,2,3,4,5,6,7,10,11,12,24,25,28},e=2650682585
30^11=>{9,10,12,19,20,24,26,29},e=-44191145
31^11=>{8,10,11,14,17,18,19,20,22,24,25,28,29},e=-1604428798
32^11=>{9,10,13,14,16,18,21,23,26,27,31},e=-5892187268
33^11=>{7,9,10,12,13,15,16,18,21,22,24,26,28,32},e=-283953472
34^11=>{1,2,3,4,5,6,7,8,10,11,12,13,14,17,18,19,20,23,24,26,28,29,30,31},e=526229025
35^11=>{6,7,10,19,23,24,25,26,30,34},e=-43093879
36^11=>{1,2,3,4,5,6,8,10,11,15,16,17,18,19,20,22,23,24,27,28,30,35},e=407905828
37^11=>{1,2,3,4,5,6,9,10,12,14,16,17,18,20,22,23,29,30,31,33,34},e=43235374
38^11=>{8,9,11,12,13,16,19,20,21,22,26,27,28,29,31,33,36},e=-13892993
39^11=>{5,6,9,10,14,15,16,19,20,21,25,28,30,32,33,34,36},e=-8204048
40^11=>{1,2,3,6,7,9,10,12,13,14,15,21,22,25,28,29,31,36,38},e=472278
41^11=>{1,2,3,4,7,9,11,12,13,14,15,16,17,22,25,26,29,32,37,39},e=3654787
42^11=>{1,2,3,4,5,6,7,9,10,12,13,16,17,18,19,20,22,26,33,34,35,37,39},e=851318
43^11=>{4,6,7,10,11,12,13,17,18,19,21,22,25,29,30,32,34,36,38,40},e=-306819
44^11=>{1,2,3,4,5,8,13,14,16,19,20,22,23,24,25,28,32,33,34,35,43},e=782664
45^11=>{1,2,3,4,5,6,8,12,15,16,17,18,19,20,21,22,23,24,26,27,29,36,38,40,42},e=636405
46^11=>{4,5,6,7,8,10,11,12,13,18,19,20,21,22,23,24,27,28,30,31,35,37,40,44},e=-1146869
47^11=>{5,6,7,8,9,10,11,12,14,16,17,18,19,20,22,23,26,27,30,32,33,34,35,38,46},e=-387891
48^11=>{1,2,3,4,6,8,12,17,20,21,24,26,31,37,38,42,46},e=69802
49^11=>{1,2,3,4,8,9,10,11,13,14,15,19,24,26,27,28,29,32,35,37,38,39,41,43,45},e=67938
50^11=>{3,5,7,8,9,11,13,14,15,19,21,22,23,28,32,33,36,38,41,42,44,46},e=-7192
51^11=>{9,12,14,15,16,17,19,25,27,29,30,33,37,39,40,46,48},e=-266847
52^11=>{4,6,7,8,9,11,14,15,16,18,19,21,22,24,26,28,29,30,34,36,37,40,42,45,46,47},e=-23088
53^11=>{1,2,3,4,5,7,8,9,10,14,17,19,20,25,26,29,31,32,36,39,42,46,51},e=21753
54^11=>{1,2,4,5,8,9,10,11,14,15,16,18,19,21,22,23,28,32,33,34,37,38,45,53},e=744
55^11=>{4,8,9,10,12,14,15,17,18,20,21,22,23,25,26,29,31,32,41,42,44,54},e=-14124
56^11=>{2,3,7,8,9,10,11,12,15,23,24,27,29,31,34,35,36,38,40,43,44,47,54},e=-856
57^11=>{6,7,9,10,12,13,15,16,18,19,20,23,25,27,29,31,32,34,37,38,39,40,41,42,49,50,53},e=-2328
58^11=>{2,4,6,8,9,12,14,15,18,20,24,26,27,28,29,31,33,39,41,42,48,49,50,54},e=-241
59^11=>{1,2,3,4,13,14,15,17,21,23,24,25,27,28,29,32,33,36,38,39,40,43,48,50,51,55},e=272
60^11=>{4,5,9,12,13,15,16,18,22,25,26,27,29,31,39,40,43,44,45,46,48,49,51,52,53},e=-306
61^11=>{2,3,8,10,11,13,17,26,27,28,30,31,32,33,35,38,41,42,46,47,48,51,52,57},e=-73
62^11=>{1,3,5,12,16,17,19,20,28,30,31,37,38,39,40,44,45,46,48,49,50,51,52,53,54},e=26
63^11=>{1,2,4,5,6,10,12,15,17,21,22,23,24,25,29,30,33,35,37,40,45,47,49,53,55,59},e=90
64^11=>{3,4,7,9,10,13,17,18,19,20,22,23,25,26,27,28,31,32,35,36,38,41,45,46,48,49,54,57,59},e=-52
65^11=>{1,4,5,7,8,11,13,14,16,18,21,22,23,24,25,26,27,29,32,33,37,38,41,42,44,48,53,56,58,59},e=88
66^11=>{1,3,4,6,8,9,10,11,12,15,16,18,20,23,24,26,28,29,30,31,33,34,35,37,39,41,44,45,46,47,52,65},e=16
67^11=>{1,2,3,8,10,13,15,16,17,20,21,22,23,24,26,28,31,34,35,36,37,38,39,40,41,42,43,45,46,47,49,50,53,57,64},e=113
