2^12=>{1},e=4095
3^12=>{2,1},e=527344
4^12=>{3,2,1},e=16241678
5^12=>{4,3,2,1},e=226827871
6^12=>{5,4,3,2,1},e=1915328957
7^12=>{6,5,4,3,2,1},e=11403051486
8^12=>{7,6,5,4,3,2,1},e=52439953820
9^12=>{8,7,6,5,4,3,2,1},e=197430536829
10^12=>{9,8,7,6,5,4,3,2,1},e=632571463867
11^12=>{10,9,8,7,6,5,4,3,2,1},e=1770999840588
12^12=>{11,10,9,8,7,6,5,4,3,2,1},e=4410243535402
13^12=>{12,11,10,9,8,7,6,5,4,3,2,1},e=9876127761371
14^12=>{13,12,11,10,9,8,7,6,5,4,3,2,1},e=19973869891705
15^12=>{14,13,12,11,10,9,8,7,6,5,4,3,2,1},e=36332383031738
16^12=>{15,14,13,12,11,10,9,8,7,6,5,4,3,2,1},e=58314683961144
17^12=>{16,15,14,13,12,11,10,9,8,7,6,5,4,3,2,1},e=77986967769593
18^12=>{17,16,15,14,13,12,11,10,9,8,7,6,5,4,3,2,1},e=69573874736247
19^12=>{18,17,16,15,14,11,10,9,8,7,6,5,4,3,2,1},e=1440216520793
20^12=>{19,18,17,15,12,11,10,9,8,7,6,5,4,3,2,1},e=63167026167
21^12=>{20,19,17,16,15,14},e=-4024871885858
22^12=>{21,20,18,15,14,13,12,11,10,9,8,7,6,5,4,3,2,1},e=23183445486887
23^12=>{22,21,18,17},e=-35659329071473
24^12=>{23,22,18,17,12,11},e=-787774493875
25^12=>{24,23,18,12,11,10},e=-213002937425
26^12=>{25,23,22,17,16,15,14,11,10,7},e=-4910648246
27^12=>{26,24,22,20,18,13,12,11,10,9,8,7,6,5,4,3,2,1},e=777144301386
28^12=>{26,25,24,23,22,20,18,17,14,11},e=-596806394452
