3^12=>{1,2},e=527344
4^12=>{1,2,3},e=16241678
5^12=>{1,2,3,4},e=226827871
6^12=>{1,2,3,4,5},e=1915328957
7^12=>{1,2,3,4,5,6},e=11403051486
8^12=>{1,2,3,4,5,6,7},e=52439953820
9^12=>{1,2,3,4,5,6,7,8},e=197430536829
10^12=>{1,2,3,4,5,6,7,8,9},e=632571463867
11^12=>{1,2,3,4,5,6,7,8,9,10},e=1770999840588
12^12=>{1,2,3,4,5,6,7,8,9,10,11},e=4410243535402
13^12=>{1,2,3,4,5,6,7,8,9,10,11,12},e=9876127761371
14^12=>{1,2,3,4,5,6,7,8,9,10,11,12,13},e=19973869891705
15^12=>{1,2,3,4,5,6,7,8,9,10,11,12,13,14},e=36332383031738
16^12=>{1,2,3,4,5,6,7,8,9,10,11,12,13,14,15},e=58314683961144
17^12=>{1,2,3,4,5,6,7,8,9,10,11,12,13,14,15,16},e=77986967769593
18^12=>{1,2,3,4,5,6,7,8,9,10,11,12,13,14,15,16,17},e=69573874736247
19^12=>{12,14,15,16,17,18},e=-2970027014609
20^12=>{13,15,17,18,19},e=-9812960735204
21^12=>{14,15,16,17,19,20},e=-4024871885858
22^12=>{16,18,20,21},e=-35131238474257
23^12=>{17,18,21,22},e=-35659329071473
24^12=>{11,12,17,18,22,23},e=-787774493875
25^12=>{10,11,12,18,23,24},e=-213002937425
26^12=>{7,10,11,14,15,16,17,22,23,25},e=-4910648246
27^12=>{14,18,20,22,24,26},e=-19196725590319
28^12=>{11,14,17,18,20,22,23,24,25,26},e=-596806394452
29^12=>{8,9,14,15,18,19,23,24,25,28},e=-36226982372
30^12=>{10,12,13,14,16,17,18,19,22,24,26,27,28},e=-358727378292
31^12=>{9,12,15,16,17,18,22,24,27,28,29},e=-123333478564
32^12=>{11,12,16,17,18,19,20,21,23,26,28,31},e=-1250919262070
33^12=>{9,10,11,12,17,18,20,21,22,23,24,25,27,28,29,31},e=-189790166152
34^12=>{6,10,13,14,15,17,19,20,21,23,24,25,28,29,33},e=-1377886185
35^12=>{10,16,17,18,21,22,23,24,26,27,28,32,33},e=-99156964372
36^12=>{9,10,12,17,18,21,22,25,28,29,30,32,34},e=-25339479749
37^12=>{9,10,11,12,16,17,20,21,22,24,25,26,30,31,33,35},e=-14146007175
38^12=>{9,10,11,12,14,17,20,21,22,23,25,27,30,32,34,36},e=-5881381911
39^12=>{10,12,16,17,21,22,25,26,27,28,30,31,34,35,36},e=-3563592085
40^12=>{7,14,15,19,22,24,25,27,30,32,34,35,38},e=-4001698934
41^12=>{17,24,25,26,28,29,32,33,37,39},e=-15146853
42^12=>{5,6,9,10,12,14,16,17,19,21,22,23,27,31,37,41},e=-222834458
43^12=>{5,9,11,13,16,20,21,22,24,27,30,31,32,35,36,39,40},e=-126881496
44^12=>{6,7,8,11,13,14,16,17,18,20,22,24,27,28,29,31,32,35,37,43},e=-194634042
45^12=>{6,8,9,10,11,13,15,16,17,18,21,22,23,25,26,28,30,31,32,34,36,37,39,43},e=-30804235
46^12=>{5,6,9,10,11,12,16,19,21,22,23,25,26,30,31,32,33,36,37,38,39,44},e=-90398587
47^12=>{5,7,8,9,10,11,12,13,16,17,19,21,23,25,26,28,29,34,36,40,41,45},e=-20522716
48^12=>{5,7,8,11,14,15,16,17,21,23,24,25,27,29,31,33,35,36,40,44,45},e=-96096254
49^12=>{7,9,12,16,17,18,19,22,24,25,27,28,31,34,35,39,41,48},e=-116636185
50^12=>{5,7,10,11,12,13,15,19,21,22,23,24,25,26,27,29,30,31,32,33,34,37,38,39,41,42,43,47},e=-76346658
51^12=>{5,8,11,12,13,19,20,21,22,24,25,27,30,31,32,34,35,39,42,44,46,47},e=-168744426
52^12=>{5,8,11,14,15,16,17,18,19,20,23,26,28,29,30,31,32,33,36,37,39,41,42,51},e=-8626029
53^12=>{5,6,8,13,17,18,20,22,26,28,31,39,40,42,43,52},e=-17392997
54^12=>{5,6,10,11,12,14,15,16,19,24,25,26,28,30,31,32,35,38,40,42,44,45,46,48,49},e=-55061081
55^12=>{5,6,7,11,12,13,14,15,16,17,21,23,26,27,30,32,34,35,36,37,38,40,41,42,43,44,45,47,52},e=-31742398
56^12=>{3,6,8,15,17,18,19,21,25,26,27,28,29,30,31,33,35,37,39,45,46,55},e=-389135
57^12=>{6,9,13,15,16,20,23,24,26,31,34,37,43,44,49,52,53},e=-746824
58^12=>{4,7,10,11,13,16,18,19,21,22,25,29,31,33,35,36,38,39,41,42,44,45,47,50,52,53},e=-2105775
59^12=>{6,9,11,12,13,14,16,17,19,20,21,22,24,27,28,29,30,31,34,36,40,41,42,45,46,49,50,53,54},e=-83708
60^12=>{6,9,11,13,16,17,22,25,26,27,30,32,34,35,36,38,39,40,41,45,48,49,50,58},e=-1674043
61^12=>{4,7,8,9,11,12,13,14,15,16,17,18,19,20,21,22,26,27,29,30,31,33,40,44,46,51,52,54,57},e=-186029
62^12=>{4,8,9,12,15,16,17,18,22,23,27,29,33,36,41,43,46,47,50,53,55,58},e=-127148
63^12=>{3,4,5,7,9,12,13,14,15,17,22,26,27,28,30,32,33,34,36,38,39,41,42,43,45,46,47,50,51,57,59},e=-71280
64^12=>{4,5,6,8,13,14,15,16,17,18,20,22,23,26,27,29,30,31,35,40,41,50,59,61},e=-189756
65^12=>{3,4,7,10,11,12,13,14,17,19,20,22,23,26,27,30,31,32,33,37,38,43,48,49,52,53,57,58,59},e=-137631
66^12=>{3,4,5,7,12,13,23,25,26,27,30,36,37,38,42,44,46,47,49,50,60,63},e=-24251
67^12=>{3,5,6,9,10,13,16,18,19,20,21,23,28,35,36,37,40,42,45,46,51,52,54,55,61,62},e=-19068
68^12=>{3,7,8,9,12,14,15,16,17,22,23,24,25,27,28,29,30,33,34,36,37,39,42,46,47,50,53,55,57,66},e=-29824
69^12=>{6,9,11,13,15,16,17,20,25,28,29,31,33,34,36,38,39,40,42,45,46,47,49,50,55,57,59,62,63},e=-7696
