2^13=>{1},e=8191
3^13=>{2,1},e=1586130
4^13=>{3,2,1},e=65506348
5^13=>{4,3,2,1},e=1151991745
6^13=>{5,4,3,2,1},e=11771279511
7^13=>{6,5,4,3,2,1},e=82538901886
8^13=>{7,6,5,4,3,2,1},e=438516694960
9^13=>{8,7,6,5,4,3,2,1},e=1880870895513
10^13=>{9,8,7,6,5,4,3,2,1},e=6797139238855
11^13=>{10,9,8,7,6,5,4,3,2,1},e=21319851382786
12^13=>{11,10,9,8,7,6,5,4,3,2,1},e=59267632473996
13^13=>{12,11,10,9,8,7,6,5,4,3,2,1},e=148156328308105
14^13=>{13,12,11,10,9,8,7,6,5,4,3,2,1},e=336120888377743
15^13=>{14,13,12,11,10,9,8,7,6,5,4,3,2,1},e=694886410228830
16^13=>{15,14,13,12,11,10,9,8,7,6,5,4,3,2,1},e=1306095900880576
17^13=>{16,15,14,13,12,11,10,9,8,7,6,5,4,3,2,1},e=2203474679045521
18^13=>{17,16,15,14,13,12,11,10,9,8,7,6,5,4,3,2,1},e=3217283478904815
19^13=>{18,17,16,15,14,13,12,11,10,9,8,7,6,5,4,3,2,1},e=3624337209819538
20^13=>{19,18,17,16,15,14,13,12,11,10,9,8,7,6,5,4,3,2,1},e=1438370285305420
21^13=>{20,19,18,17},e=-228148621714703
22^13=>{21,20,19,16},e=-138902945664264
23^13=>{22,21,19,18,16},e=-625621641033553
24^13=>{23,22,20,16,15,14,13,12,11,10,9,8,7,6,5,4,3,2,1},e=20815291947273
25^13=>{24,23,20,18,16,15,13,12},e=-11208890431946
26^13=>{25,23,22,21,19,16,15,14,13,12,10,8,7,6,5,4,3,2,1},e=934022156140
27^13=>{26,24,23,21,18,17,16,14,13,12},e=-29523936878047
28^13=>{27,25,24,20,14,13},e=-64778250998465
