3^13=>{1,2},e=1586130
4^13=>{1,2,3},e=65506348
5^13=>{1,2,3,4},e=1151991745
6^13=>{1,2,3,4,5},e=11771279511
7^13=>{1,2,3,4,5,6},e=82538901886
8^13=>{1,2,3,4,5,6,7},e=438516694960
9^13=>{1,2,3,4,5,6,7,8},e=1880870895513
10^13=>{1,2,3,4,5,6,7,8,9},e=6797139238855
11^13=>{1,2,3,4,5,6,7,8,9,10},e=21319851382786
12^13=>{1,2,3,4,5,6,7,8,9,10,11},e=59267632473996
13^13=>{1,2,3,4,5,6,7,8,9,10,11,12},e=148156328308105
14^13=>{1,2,3,4,5,6,7,8,9,10,11,12,13},e=336120888377743
15^13=>{1,2,3,4,5,6,7,8,9,10,11,12,13,14},e=694886410228830
16^13=>{1,2,3,4,5,6,7,8,9,10,11,12,13,14,15},e=1306095900880576
17^13=>{1,2,3,4,5,6,7,8,9,10,11,12,13,14,15,16},e=2203474679045521
18^13=>{1,2,3,4,5,6,7,8,9,10,11,12,13,14,15,16,17},e=3217283478904815
19^13=>{1,2,3,4,5,6,7,8,9,10,11,12,13,14,15,16,17,18},e=3624337209819538
20^13=>{1,2,3,4,5,6,7,8,9,10,11,12,13,14,15,16,17,18,19},e=1438370285305420
21^13=>{17,18,19,20},e=-228148621714703
22^13=>{16,19,20,21},e=-138902945664264
23^13=>{16,18,19,21,22},e=-625621641033553
24^13=>{17,20,22,23},e=-2182659387098248
25^13=>{12,13,15,16,18,20,23,24},e=-11208890431946
26^13=>{9,10,12,13,14,15,16,19,21,22,23,25},e=-946848739373
27^13=>{12,13,14,16,17,18,21,23,24,26},e=-29523936878047
28^13=>{13,14,20,24,25,27},e=-64778250998465
29^13=>{11,12,14,16,17,18,20,22,24,26,28},e=-20352308247359
30^13=>{14,18,20,21,22,24,25,26,27,28},e=-13021831911465
31^13=>{11,14,15,19,21,22,25,28,30},e=-21096075887404
32^13=>{13,14,17,19,20,27,28,29,30},e=-11292431432265
33^13=>{7,8,10,13,14,15,17,19,21,23,25,30,32},e=-6119145051
34^13=>{7,9,10,11,14,15,16,18,19,20,22,24,25,26,27,28,29,33},e=-44559431599
35^13=>{11,13,15,16,17,20,21,22,24,26,28,30,32,33},e=-1199221801323
36^13=>{9,11,13,14,21,22,25,29,30,31,32,34},e=-433274762155
37^13=>{7,9,10,14,15,19,24,25,26,27,31,32,33,35},e=-20345311620
38^13=>{15,16,17,18,20,21,22,23,25,26,28,29,30,33,34,36},e=-158980349155
39^13=>{12,14,15,19,21,23,24,27,29,30,32,36,37},e=-2806225809940
40^13=>{9,10,11,12,14,17,19,22,28,29,30,32,35,39},e=-24273505887
41^13=>{10,11,12,16,17,18,23,25,26,28,29,31,32,33,34,35,37,38},e=-38163000744
42^13=>{10,11,14,16,21,22,25,26,28,29,33,35,37,38,39},e=-43716036342
43^13=>{9,10,13,15,16,19,21,23,27,28,29,31,32,34,35,36,42},e=-31847571587
44^13=>{7,8,11,18,19,22,23,24,25,26,27,28,30,33,35,36,38,40,41},e=-58693916637
45^13=>{4,7,9,11,13,14,15,16,18,19,22,26,28,29,30,31,33,38,41,43},e=-64925262
46^13=>{7,9,12,22,23,24,25,27,28,31,32,33,35,36,37,39,42,43},e=-6198588309
47^13=>{7,10,12,13,14,15,19,21,22,23,25,26,27,30,31,32,33,34,35,36,37,40,43,44},e=-3112533642
48^13=>{5,6,7,9,10,11,12,13,17,22,23,25,28,31,38,39,41,42,46},e=-740731277
49^13=>{7,9,12,14,15,16,18,19,20,21,23,27,28,29,31,34,35,37,43,48},e=-1730222567
50^13=>{6,12,13,14,17,18,19,21,23,24,26,30,31,33,35,36,37,39,40,41,43,44,47},e=-5968992719
51^13=>{6,7,8,9,10,11,12,13,14,16,17,22,23,25,27,31,32,33,36,37,38,39,40,42,45,49},e=-3367417371
52^13=>{7,11,15,17,18,19,20,22,24,26,27,30,33,34,36,38,40,41,43,46,50},e=-838662005
53^13=>{5,7,8,10,13,14,16,17,18,19,20,21,23,24,25,26,27,28,31,33,34,37,39,41,43,45,48,50},e=-954157509
54^13=>{5,6,8,9,11,13,15,16,18,20,21,22,23,27,28,30,31,33,35,36,41,45,48,49,50},e=-262424566
55^13=>{5,7,8,9,10,11,16,18,20,21,24,25,26,27,28,29,30,33,34,35,38,40,41,44,46,47,50,51},e=-33459598
56^13=>{4,7,9,10,13,14,17,19,21,22,23,26,29,30,31,35,38,41,47,52,53},e=-61157945
57^13=>{5,7,9,11,12,16,18,20,21,27,29,30,31,34,35,36,37,39,41,44,49,56},e=-343693900
58^13=>{5,6,8,14,15,16,17,24,25,26,27,29,31,34,35,36,38,39,41,42,43,46,47,51,52,54},e=-13746293
59^13=>{5,8,9,10,15,16,18,20,21,23,24,25,27,30,39,41,42,45,46,50,51,57},e=-96871883
60^13=>{5,8,11,12,13,15,16,18,19,21,22,23,24,26,27,28,31,32,33,34,35,36,37,38,39,40,44,47,49,51,55,56},e=-31606095
61^13=>{6,8,9,10,17,20,23,24,25,26,29,30,31,32,34,35,36,37,38,39,42,43,45,48,55,59},e=-14750930
62^13=>{7,9,10,16,17,18,19,20,21,23,25,26,29,30,31,33,34,35,36,38,39,47,49,56,60},e=-11463936
63^13=>{5,6,8,18,21,23,24,25,27,30,31,33,35,36,40,42,43,51,54,55,57,58},e=-202679
64^13=>{5,6,7,9,10,11,12,13,15,16,17,18,19,26,27,29,32,33,39,40,41,48,49,51,52,54,55,57,59},e=-631416
65^13=>{5,6,10,12,15,17,18,20,22,23,24,27,29,30,31,32,33,38,41,45,48,51,54,55,59,61},e=-2749851
66^13=>{5,10,11,13,15,16,17,18,22,24,25,26,27,28,29,32,34,35,43,46,51,57,61,62},e=-180821
67^13=>{4,7,8,9,10,12,13,17,18,19,22,25,27,30,31,32,33,36,37,38,39,41,42,46,47,48,51,53,55,57,60,63},e=-4175133
68^13=>{3,7,13,15,16,18,19,20,24,26,28,31,33,34,35,37,40,42,43,46,47,52,53,56,59,62,63},e=-49994
69^13=>{3,4,5,6,8,9,11,12,14,16,17,19,21,22,24,27,29,30,32,33,34,35,37,39,40,41,42,44,45,46,48,49,50,53,55,56,58,59,66},e=-1120470
70^13=>{3,5,6,7,12,13,16,17,19,20,24,25,26,28,29,31,32,33,35,36,39,40,44,50,51,56,60,64,66},e=-101827
71^13=>{6,7,8,9,14,18,19,22,23,27,28,33,36,41,43,45,47,48,53,54,56,57,64,68},e=-483965
