2^14=>{1},e=16383
3^14=>{2,1},e=4766584
4^14=>{3,2,1},e=263636102
5^14=>{4,3,2,1},e=5830280815
6^14=>{5,4,3,2,1},e=71987413661
7^14=>{6,5,4,3,2,1},e=593482158318
8^14=>{7,6,5,4,3,2,1},e=3635082523724
9^14=>{8,7,6,5,4,3,2,1},e=17715781956477
10^14=>{9,8,7,6,5,4,3,2,1},e=71962197046555
11^14=>{10,9,8,7,6,5,4,3,2,1},e=251712030629796
12^14=>{11,10,9,8,7,6,5,4,3,2,1},e=776130828012178
13^14=>{12,11,10,9,8,7,6,5,4,3,2,1},e=2145670284613739
14^14=>{13,12,11,10,9,8,7,6,5,4,3,2,1},e=5382924338773177
15^14=>{14,13,12,11,10,9,8,7,6,5,4,3,2,1},e=12351836713047770
16^14=>{15,14,13,12,11,10,9,8,7,6,5,4,3,2,1},e=26023578700194456
17^14=>{16,15,14,13,12,11,10,9,8,7,6,5,4,3,2,1},e=50286217183739513
18^14=>{17,16,15,14,13,12,11,10,9,8,7,6,5,4,3,2,1},e=88343931647018679
19^14=>{18,17,16,15,14,13,12,11,10,9,8,7,6,5,4,3,2,1},e=137723882265740752
20^14=>{19,18,17,16,15,14,13,12,11,10,9,8,7,6,5,4,3,2,1},e=178110510699972510
21^14=>{20,19,18,17,16,15,14,13,12,11,10,9,8,7,6,5,4,3,2,1},e=145230443221481191
22^14=>{21,20,19,18,17},e=-2696539018054211
23^14=>{22,21,20,18,16,15,14,12,10,9,8,7,6,5,4,3,2,1},e=107267850960674
24^14=>{23,22,21},e=-22857407319491258
25^14=>{24,23,21,19,18,17,15,14},e=-2076208385020356
26^14=>{25,24,22},e=-469677918397969
27^14=>{26,24,23,22,21,20,19,18,12,11,10,9,8,7,6,5,4,3,2,1},e=705015092490728
28^14=>{27,26,22,20,17,16,15,11},e=-73374751099316
