3^14=>{1,2},e=4766584
4^14=>{1,2,3},e=263636102
5^14=>{1,2,3,4},e=5830280815
6^14=>{1,2,3,4,5},e=71987413661
7^14=>{1,2,3,4,5,6},e=593482158318
8^14=>{1,2,3,4,5,6,7},e=3635082523724
9^14=>{1,2,3,4,5,6,7,8},e=17715781956477
10^14=>{1,2,3,4,5,6,7,8,9},e=71962197046555
11^14=>{1,2,3,4,5,6,7,8,9,10},e=251712030629796
12^14=>{1,2,3,4,5,6,7,8,9,10,11},e=776130828012178
13^14=>{1,2,3,4,5,6,7,8,9,10,11,12},e=2145670284613739
14^14=>{1,2,3,4,5,6,7,8,9,10,11,12,13},e=5382924338773177
15^14=>{1,2,3,4,5,6,7,8,9,10,11,12,13,14},e=12351836713047770
16^14=>{1,2,3,4,5,6,7,8,9,10,11,12,13,14,15},e=26023578700194456
17^14=>{1,2,3,4,5,6,7,8,9,10,11,12,13,14,15,16},e=50286217183739513
18^14=>{1,2,3,4,5,6,7,8,9,10,11,12,13,14,15,16,17},e=88343931647018679
19^14=>{1,2,3,4,5,6,7,8,9,10,11,12,13,14,15,16,17,18},e=137723882265740752
20^14=>{1,2,3,4,5,6,7,8,9,10,11,12,13,14,15,16,17,18,19},e=178110510699972510
21^14=>{1,2,3,4,5,6,7,8,9,10,11,12,13,14,15,16,17,18,19,20},e=145230443221481191
22^14=>{17,18,19,20,21},e=-2696539018054211
23^14=>{11,12,14,15,16,18,20,21,22},e=-144444179669122
24^14=>{21,22,23},e=-22857407319491258
25^14=>{14,15,17,18,19,21,23,24},e=-2076208385020356
26^14=>{22,24,25},e=-469677918397969
27^14=>{13,18,19,20,21,22,23,24,26},e=-1440655192123011
28^14=>{11,15,16,17,20,22,26,27},e=-73374751099316
29^14=>{15,18,19,20,21,27,28},e=-5209197567294323
30^14=>{10,11,13,14,15,17,18,22,26,27,29},e=-31037248507334
31^14=>{20,21,22,24,26,28,30},e=-61920641561281800
32^14=>{11,12,13,14,18,20,21,22,25,26,27,28,29,30},e=-166232800144670
33^14=>{21,22,25,27,28,29,32},e=-14924761433507579
34^14=>{12,15,17,20,22,25,29,30,31,32},e=-357193878568077
35^14=>{10,12,14,15,16,19,20,21,22,23,26,29,31,32,33},e=-53393344483702
36^14=>{10,11,14,16,19,20,21,23,24,25,27,33,35},e=-14221210190352
37^14=>{13,15,19,20,23,25,27,28,29,30,31,32,33,35},e=-582030990933513
38^14=>{10,13,15,17,18,19,20,21,23,25,28,31,33,35,36},e=-21225981156474
39^14=>{10,14,15,17,19,21,22,23,28,30,32,33,36,37},e=-5634916960686
40^14=>{11,13,14,17,25,26,27,30,32,36,39},e=-3093002301966
41^14=>{9,11,14,15,18,19,21,22,24,28,31,33,34,35,36,37,38},e=-13906147365552
42^14=>{10,12,13,17,19,20,22,23,24,28,29,30,32,34,35,36,41},e=-24418066648615
43^14=>{9,10,11,14,16,17,23,24,32,34,35,37,39,41},e=-841583097895
44^14=>{8,10,11,12,14,16,18,19,21,24,25,26,28,29,31,33,36,37,39,40,41},e=-640231838050
45^14=>{11,12,17,18,20,24,29,30,32,33,34,36,37,40,41,42},e=-1583052974949
46^14=>{5,6,7,9,13,15,16,17,18,22,25,26,27,28,30,31,32,33,39,40,45},e=-318963116
47^14=>{8,9,10,11,12,14,19,20,24,25,27,28,30,32,33,36,39,41,46},e=-1293784532719
48^14=>{8,10,13,14,16,20,21,22,23,24,25,27,30,32,36,40,42,47},e=-432976105518
49^14=>{7,8,9,10,11,12,13,14,16,17,18,21,24,25,26,29,33,35,36,37,38,39,41,42,43,44,45},e=-148165801150
50^14=>{8,9,10,11,13,14,16,18,20,23,25,28,30,33,34,39,45,46,47},e=-420230763105
51^14=>{5,6,7,10,11,13,17,22,26,27,28,29,30,32,34,35,37,38,39,40,42,43,47,48},e=-145474467
52^14=>{7,9,10,11,13,15,16,25,26,27,28,29,35,37,39,40,42,45,48,49},e=-105156454821
53^14=>{12,16,24,25,29,30,31,33,34,36,39,44,46,52},e=-7511406292
54^14=>{10,11,12,17,19,22,24,26,29,34,38,41,44,47,53},e=-41986734871
55^14=>{7,13,14,16,17,20,21,22,26,27,29,30,31,34,35,36,38,39,40,42,43,44,45,49,50,51},e=-20294781164
56^14=>{7,9,10,11,12,13,15,16,19,20,22,26,27,29,32,33,35,37,38,40,41,42,46,49,51,53},e=-9346614423
57^14=>{5,6,7,8,10,12,13,14,16,19,20,21,22,23,25,29,30,31,32,35,40,42,44,46,49,56},e=-378904314
58^14=>{6,7,8,10,11,14,16,18,21,27,31,36,37,41,42,49,50,53,55},e=-12025246338
59^14=>{6,12,15,16,17,20,21,23,26,27,33,37,40,53,54,56},e=-21483742703
60^14=>{7,9,10,11,13,14,18,19,20,21,22,27,29,31,33,34,35,37,38,42,43,45,46,50,51,52,58},e=-259125703
61^14=>{5,6,9,11,12,14,22,24,29,31,32,33,34,35,36,39,40,44,49,50,51,60},e=-535270953
62^14=>{5,10,13,14,18,19,20,24,26,27,28,32,34,36,37,38,39,40,43,44,46,48,52,53,56,59},e=-1755605881
63^14=>{6,8,11,12,14,17,18,21,23,27,30,31,33,35,36,39,40,42,43,45,46,51,54,62},e=-3992354771
64^14=>{5,6,8,12,14,15,16,18,20,21,24,28,30,32,33,34,36,37,38,39,40,42,43,44,45,47,48,51,54,56,58,60},e=-185476458
65^14=>{5,6,8,9,10,12,15,16,17,19,20,23,24,26,28,29,31,33,35,36,37,38,39,40,42,43,44,46,47,48,50,56,57,63},e=-839265999
66^14=>{4,6,8,9,10,13,15,16,17,18,22,24,25,26,28,29,33,34,35,37,38,40,50,53,55,61,63},e=-8788397
67^14=>{4,9,12,14,15,21,22,23,25,32,34,36,37,38,40,42,46,52,54,57,66},e=-165854366
68^14=>{5,7,8,9,12,14,15,16,17,18,19,20,22,23,24,25,27,28,30,32,34,37,40,43,45,47,50,55,57,59,62,64},e=-77265544
69^14=>{5,10,14,16,17,22,23,25,27,28,29,32,34,35,37,38,40,45,46,50,56,59,63,66},e=-103878698
70^14=>{4,9,10,11,14,16,18,21,22,23,24,26,27,29,32,34,35,36,37,38,40,41,46,50,52,54,56,60,61,64,65},e=-7067299
71^14=>{4,6,7,10,13,14,15,16,17,24,26,28,29,30,32,35,37,38,39,43,46,48,53,54,62,66,67},e=-108106578
72^14=>{3,9,10,15,16,20,21,23,24,25,28,29,31,32,33,35,36,37,39,41,42,44,47,50,51,52,55,57,61,62,65,68},e=-1356651
73^14=>{4,5,6,7,10,11,12,14,15,16,19,21,23,24,26,28,31,32,33,34,35,38,39,40,44,45,47,48,51,52,54,55,60,61,63,67,68},e=-26240969
74^14=>{4,6,8,11,12,15,16,20,21,23,24,28,29,30,34,35,36,38,39,41,42,44,46,47,49,50,55,57,60,61,73},e=-18221830
75^14=>{3,5,7,10,11,12,14,17,19,21,32,35,37,38,40,42,43,44,46,47,48,49,50,51,52,53,55,56,58,59,62,64,65,68,69},e=-2355721
76^14=>{7,8,9,10,11,12,13,14,15,16,17,20,22,28,29,33,34,37,38,39,44,45,46,53,56,58,71,73},e=-17770302
77^14=>{6,8,9,15,18,19,22,23,30,31,32,33,36,37,38,40,41,42,43,44,46,48,49,50,52,53,54,55,56,60,65,67,69,73},e=-7610583
78^14=>{6,8,12,13,14,15,19,22,28,29,30,31,34,35,39,42,45,47,49,54,55,57,60,61,66,67,70,74},e=-2291174
79^14=>{5,6,7,9,12,13,15,17,20,24,26,27,29,30,31,32,33,38,40,45,47,51,52,59,68,72,76},e=-1671621
80^14=>{3,4,10,11,12,13,14,15,19,22,26,27,30,32,35,37,39,43,44,48,49,50,52,53,57,59,60,64,66,79},e=-1010815
81^14=>{7,9,10,11,12,13,15,16,18,24,25,26,29,30,32,37,43,47,49,50,55,57,58,61,62,65,69,72,78},e=-178375
82^14=>{4,7,9,10,13,15,17,18,19,20,21,23,25,26,29,30,31,33,34,35,36,37,38,39,45,49,50,52,53,57,58,61,62,64,65,69,71,74,77},e=-409488
