2^15=>{1},e=32767
3^15=>{2,1},e=14316138
4^15=>{3,2,1},e=1059360148
5^15=>{4,3,2,1},e=29429454625
6^15=>{5,4,3,2,1},e=438579282951
7^15=>{6,5,4,3,2,1},e=4245770823742
8^15=>{7,6,5,4,3,2,1},e=29935019892688
9^15=>{8,7,6,5,4,3,2,1},e=165457407809673
10^15=>{9,8,7,6,5,4,3,2,1},e=753675143620375
11^15=>{10,9,8,7,6,5,4,3,2,1},e=2930923313036026
12^15=>{11,10,9,8,7,6,5,4,3,2,1},e=9983448548791092
13^15=>{12,11,10,9,8,7,6,5,4,3,2,1},e=30355298413709113
14^15=>{13,12,11,10,9,8,7,6,5,4,3,2,1},e=83551607943339823
15^15=>{14,13,12,11,10,9,8,7,6,5,4,3,2,1},e=210309307208574750
16^15=>{15,14,13,12,11,10,9,8,7,6,5,4,3,2,1},e=487443031053702976
17^15=>{16,15,14,13,12,11,10,9,8,7,6,5,4,3,2,1},e=1044023073349824817
18^15=>{17,16,15,14,13,12,11,10,9,8,7,6,5,4,3,2,1},e=2065817586807651663
19^15=>{18,17,16,15,14,13,12,11,10,9,8,7,6,5,4,3,2,1},e=3753663383727533098
20^15=>{19,18,17,16,15,14,13,12,11,10,9,8,7,6,5,4,3,2,1},e=6159409323977936500
21^15=>{20,19,18,17,16,15,14,13,12,11,10,9,8,7,6,5,4,3,2,1},e=8745727906929618801
22^15=>{21,20,19,18,17,16,15,14,13,12,11,10,9,8,7,6,5,4,3,2,1},e=9381158756438306167
23^15=>{22,21,20,19,18,17,16,15,14,13,12,11,10,9,8,7,6,5,4,3,2,1},e=2256258190005447838
24^15=>{23,22,21,20,15,12},e=-1640018664318995
25^15=>{24,23,22,20},e=-9818011820370888574
26^15=>{25,24,23},e=-25555750750189942480
27^15=>{26,25,24},e=-159126493306416848982
28^15=>{27,26,25},e=-465239268213647183612
