3^15=>{1,2},e=14316138
4^15=>{1,2,3},e=1059360148
5^15=>{1,2,3,4},e=29429454625
6^15=>{1,2,3,4,5},e=438579282951
7^15=>{1,2,3,4,5,6},e=4245770823742
8^15=>{1,2,3,4,5,6,7},e=29935019892688
9^15=>{1,2,3,4,5,6,7,8},e=165457407809673
10^15=>{1,2,3,4,5,6,7,8,9},e=753675143620375
11^15=>{1,2,3,4,5,6,7,8,9,10},e=2930923313036026
12^15=>{1,2,3,4,5,6,7,8,9,10,11},e=9983448548791092
13^15=>{1,2,3,4,5,6,7,8,9,10,11,12},e=30355298413709113
14^15=>{1,2,3,4,5,6,7,8,9,10,11,12,13},e=83551607943339823
15^15=>{1,2,3,4,5,6,7,8,9,10,11,12,13,14},e=210309307208574750
16^15=>{1,2,3,4,5,6,7,8,9,10,11,12,13,14,15},e=487443031053702976
17^15=>{1,2,3,4,5,6,7,8,9,10,11,12,13,14,15,16},e=1044023073349824817
18^15=>{1,2,3,4,5,6,7,8,9,10,11,12,13,14,15,16,17},e=2065817586807651663
19^15=>{1,2,3,4,5,6,7,8,9,10,11,12,13,14,15,16,17,18},e=3753663383727533098
20^15=>{1,2,3,4,5,6,7,8,9,10,11,12,13,14,15,16,17,18,19},e=6159409323977936500
21^15=>{1,2,3,4,5,6,7,8,9,10,11,12,13,14,15,16,17,18,19,20},e=8745727906929618801
22^15=>{1,2,3,4,5,6,7,8,9,10,11,12,13,14,15,16,17,18,19,20,21},e=9381158756438306167
23^15=>{1,2,3,4,5,6,7,8,9,10,11,12,13,14,15,16,17,18,19,20,21,22},e=2256258190005447838
24^15=>{12,15,20,21,22,23},e=-1640018664318995
25^15=>{16,18,19,22,23,24},e=-130700971329992281
26^15=>{12,15,17,20,21,22,24,25},e=-6625847627692678
27^15=>{10,11,13,14,16,17,18,21,23,25,26},e=-680807049110099
28^15=>{21,22,23,26,27},e=-5554315660923647863
29^15=>{11,12,13,14,16,17,21,24,27,28},e=-598544470570420
30^15=>{16,19,20,21,24,28,29},e=-18752910054831181
31^15=>{15,19,21,22,23,29,30},e=-90398736509148548
32^15=>{18,19,20,21,25,26,27,29,31},e=-1231586167050740008
33^15=>{16,17,20,21,25,26,28,30,32},e=-36299370404908214
34^15=>{17,19,21,24,25,27,28,29,30,31,32},e=-724838551473748761
35^15=>{12,13,16,20,21,23,25,27,28,30,31,32,33},e=-2775610043008410
36^15=>{11,12,14,16,17,18,20,21,22,24,25,26,27,29,31,32,35},e=-1595139484893548
37^15=>{12,13,16,17,19,22,23,24,28,29,32,33,36},e=-8884513638003681
38^15=>{14,15,16,18,22,23,24,27,28,31,32,34,37},e=-3515885505007285
39^15=>{13,15,16,18,19,24,26,28,29,36,38},e=-2161545488291629
40^15=>{12,13,14,15,20,21,22,32,33,35,37,38},e=-1553002637883018
41^15=>{12,14,15,16,18,19,20,21,23,24,26,28,29,30,31,34,37,40},e=-344279888753430
42^15=>{11,13,16,17,18,19,22,23,24,25,26,27,28,30,33,34,38,41},e=-2271523571285329
43^15=>{8,15,17,18,19,20,21,23,24,30,33,34,36,38,39,41},e=-7906027792045
44^15=>{10,12,13,14,18,19,21,24,26,27,28,29,33,35,36,39,40,42},e=-352672445300456
45^15=>{9,14,18,19,20,22,23,24,25,26,30,32,33,34,35,37,39,40,41,42},e=-139100942379464
46^15=>{9,12,13,14,15,18,20,26,28,29,31,32,35,42,45},e=-56394894202673
47^15=>{8,9,11,14,15,17,23,29,30,31,33,34,36,38,40,41,42,45},e=-5154346478471
48^15=>{8,9,10,13,24,26,29,32,33,34,35,36,39,43,47},e=-2909566128904
49^15=>{8,10,11,12,13,15,17,18,22,24,25,29,30,32,33,34,36,40,44,48},e=-11003056367606
50^15=>{8,15,16,18,23,24,26,29,30,31,34,37,38,42,44,45,48},e=-12018630892220
51^15=>{8,10,11,13,15,16,17,19,20,26,28,29,30,31,32,33,37,41,42,45,50},e=-4694792102152
52^15=>{8,10,12,13,14,15,21,23,24,26,27,28,29,30,34,36,41,49,50},e=-16497301328970
53^15=>{10,12,14,18,19,21,22,23,25,26,28,29,31,33,34,37,40,41,45,46,52},e=-866474064619
54^15=>{10,12,16,17,20,21,22,23,25,27,29,30,34,36,38,39,41,42,43,44,45,49,52},e=-2116039836079
55^15=>{6,7,8,12,13,14,15,16,18,20,22,24,25,26,27,30,32,34,35,37,38,39,40,41,44,45,48,49,53},e=-434584151323
56^15=>{10,11,13,15,18,20,23,24,25,28,30,32,33,35,36,37,38,39,44,46,52,54},e=-282782636119
57^15=>{7,8,10,14,18,21,28,29,30,31,34,35,36,37,40,42,44,45,47,48,49,52,54},e=-616026227772
58^15=>{8,13,14,15,18,21,22,23,24,25,26,28,31,32,34,36,37,39,42,45,52,57},e=-1568592483986
59^15=>{8,10,11,12,14,16,17,19,21,22,24,27,29,30,32,33,34,36,37,38,41,43,44,47,49,51,52,54,55},e=-480684095821
60^15=>{8,10,13,16,17,20,21,23,24,25,26,27,28,29,31,32,33,35,36,39,40,41,43,45,46,47,48,49,51,53,58},e=-33255679014
61^15=>{4,6,16,17,18,20,21,23,24,25,31,32,33,34,35,36,37,38,39,42,43,44,45,47,48,52,57,58},e=-953637624
62^15=>{6,8,9,10,11,16,17,20,21,23,24,26,27,31,33,34,36,37,39,45,53,57,60},e=-259660940435
63^15=>{8,9,13,14,15,16,20,22,24,25,26,28,29,30,31,34,36,38,39,40,46,47,48,51,55,62},e=-69851721107
64^15=>{5,7,8,9,11,15,16,20,22,25,26,27,28,29,31,33,34,35,36,37,39,42,44,45,49,52,53,60,61},e=-2044184887
65^15=>{5,6,7,8,10,12,15,17,18,22,23,25,26,27,28,29,30,33,35,36,38,40,42,43,45,49,50,52,53,55,56,60,61},e=-13757655385
66^15=>{5,9,10,14,18,20,21,22,24,25,26,27,30,32,34,36,42,44,45,51,53,54,57,58,60,62},e=-6037189701
67^15=>{5,6,7,8,11,15,16,18,20,21,22,24,25,26,27,30,31,32,33,36,38,40,41,43,44,46,47,48,49,51,56,57,66},e=-10594294116
68^15=>{4,5,7,8,10,11,14,15,18,20,21,23,24,27,32,35,37,38,39,40,42,48,55,56,57,63,65},e=-380960492
69^15=>{5,7,8,9,10,12,13,14,21,23,24,27,28,30,32,36,38,39,40,42,44,45,46,48,49,51,52,53,54,55,56,64,66},e=-2218565656
70^15=>{4,7,9,10,11,14,16,17,21,22,23,24,26,29,30,33,34,35,36,37,38,39,41,42,43,44,45,47,49,50,51,55,59,61,65,66},e=-376372985
71^15=>{8,10,15,16,18,19,23,24,26,27,28,30,31,33,41,43,46,47,51,62,66,68},e=-288043507
72^15=>{4,5,8,9,11,12,13,14,17,19,20,21,24,25,26,27,29,31,32,35,38,42,45,49,50,51,54,56,59,60,63,64,69},e=-931387970
73^15=>{7,9,12,13,15,18,19,20,22,23,26,32,38,42,53,57,61,62,72},e=-3817816872
74^15=>{5,9,11,14,15,23,26,28,29,30,31,34,37,39,40,41,42,43,46,49,56,57,59,65,69,70},e=-656181774
75^15=>{6,8,9,10,11,13,15,16,17,19,21,22,23,24,27,28,31,32,33,34,35,37,39,40,41,42,45,46,51,54,56,57,60,61,64,65,68,71},e=-399239822
76^15=>{4,9,11,13,15,17,21,24,25,26,28,30,31,32,35,36,37,38,40,41,42,43,44,47,48,50,51,52,53,54,55,56,59,61,66,69,73},e=-282482134
77^15=>{6,8,10,13,17,20,21,22,26,27,28,30,32,34,35,36,37,38,39,41,42,46,47,51,52,53,57,65,68,71,73},e=-159102474
