2^16=>{1},e=65535
3^16=>{2,1},e=42981184
4^16=>{3,2,1},e=4251855038
5^16=>{4,3,2,1},e=148249811071
6^16=>{5,4,3,2,1},e=2664183937277
7^16=>{6,5,4,3,2,1},e=30254894691966
8^16=>{7,6,5,4,3,2,1},e=245264010263420
9^16=>{8,7,6,5,4,3,2,1},e=1535334245693949
10^16=>{9,8,7,6,5,4,3,2,1},e=7829293867990267
11^16=>{10,9,8,7,6,5,4,3,2,1},e=33779023731562428
12^16=>{11,10,9,8,7,6,5,4,3,2,1},e=126763822899454522
13^16=>{12,11,10,9,8,7,6,5,4,3,2,1},e=422411914292561531
14^16=>{13,12,11,10,9,8,7,6,5,4,3,2,1},e=1269532033735572985
15^16=>{14,13,12,11,10,9,8,7,6,5,4,3,2,1},e=3482033713829721338
16^16=>{15,14,13,12,11,10,9,8,7,6,5,4,3,2,1},e=8791961076113491704
17^16=>{16,15,14,13,12,11,10,9,8,7,6,5,4,3,2,1},e=20559664804361256953
18^16=>{17,16,15,14,13,12,11,10,9,8,7,6,5,4,3,2,1},e=44676812149621771767
19^16=>{18,17,16,15,14,13,12,11,10,9,8,7,6,5,4,3,2,1},e=90239163524054435896
20^16=>{19,18,17,16,15,14,13,12,11,10,9,8,7,6,5,4,3,2,1},e=168716336388812100534
21^16=>{20,19,18,17,16,15,14,13,12,11,10,9,8,7,6,5,4,3,2,1},e=288565026630797428855
22^16=>{21,20,19,18,17,16,15,14,13,12,11,10,9,8,7,6,5,4,3,2,1},e=438789142485891915509
23^16=>{22,21,20,19,18,17,16,15,14,13,12,11,10,9,8,7,6,5,4,3,2,1},e=548676565488760277878
24^16=>{23,22,21,20,19,18,17,16,15,14,13,12,11,10,9,8,7,6,5,4,3,2,1},e=400030525071869538932
25^16=>{24,23,22,21,20},e=-63411027820192788929
