25^16=>{20,21,22,23,24},e=-63411027820192788929
26^16=>{20,21,23,24,25},e=-9435362826179367107
27^16=>{18,20,24,25,26},e=-18738509985027897792
28^16=>{17,18,19,20,23,24,26,27},e=-3923372792424650116
29^16=>{1,2,3,4,5,6,7,8,9,10,11,14,16,21,22,25,27,28},e=3286984364288376
30^16=>{12,13,20,21,24,25,28,29},e=-31774464428550596
31^16=>{12,21,23,25,26,27,28,30},e=-52531359908767875
32^16=>{1,2,3,4,5,6,7,8,9,10,11,12,13,14,15,16,17,19,22,23,24,25,26,28,29,31},e=4316140126014371954
33^16=>{15,16,17,19,20,21,23,27,29,30,32},e=-1401773085849878662
34^16=>{1,2,3,4,5,6,7,8,9,10,11,12,13,14,16,18,19,22,23,26,30,31,33},e=208679131005015861
35^16=>{1,2,3,4,5,6,7,8,9,10,11,12,14,16,19,21,23,24,27,28,30,32,34},e=18488073692536375
36^16=>{1,2,3,4,5,6,7,8,9,10,11,12,13,14,15,16,19,20,21,23,25,28,29,30,31,32,33,34},e=916319352505948849
37^16=>{15,16,17,18,20,21,22,23,24,26,28,29,30,32,33,34,35},e=-120321281929885702
38^16=>{9,10,13,17,18,19,22,26,28,32,33,34,37},e=-239049602834886
39^16=>{13,18,19,20,22,23,27,32,33,35,36,37},e=-17219037101100614
40^16=>{16,19,20,21,22,23,24,25,26,27,28,29,32,33,36,37,38},e=-2327935273217480
41^16=>{1,2,3,4,5,6,7,8,9,11,14,17,19,20,23,24,25,27,28,30,31,33,35,37,40},e=1048869886785202
42^16=>{11,14,17,18,19,21,22,23,25,26,27,32,33,34,35,36,37,38,40},e=-3759383849430410
43^16=>{1,2,3,4,5,6,7,8,9,10,11,12,13,16,17,19,20,21,23,26,27,28,29,30,31,33,36,37,38,42},e=2192343017056625
44^16=>{1,2,3,4,5,6,7,8,10,11,13,14,15,16,17,18,22,23,24,27,29,32,33,34,35,36,37,39,43},e=610594218566576
45^16=>{1,2,3,4,5,6,7,8,9,10,11,13,14,15,17,21,22,24,25,26,28,36,37,38,40,41,43},e=1465591628692723
46^16=>{11,12,13,15,21,22,23,24,26,27,28,31,35,38,40,43,44},e=-3511578822965513
47^16=>{1,2,3,4,5,6,7,14,15,17,20,22,27,28,29,31,34,35,38,40,42,46},e=17608918695479
48^16=>{10,14,15,16,18,19,22,23,24,26,28,29,31,34,35,36,37,44,47},e=-2112577529973000
49^16=>{10,15,16,17,19,20,21,22,24,26,28,30,32,36,38,39,44,45,47},e=-139727084188358
50^16=>{11,12,13,14,15,18,25,28,30,34,38,39,41,43,44,45,48},e=-923338540961928
51^16=>{10,13,14,15,16,18,20,21,22,23,25,26,30,31,32,34,38,39,41,43,44,45,47,48},e=-1009184681171402
52^16=>{1,2,3,4,5,6,7,8,9,11,12,17,20,21,22,23,25,26,28,32,33,34,35,40,42,43,44,45,47,50},e=130295480132913
53^16=>{1,2,3,4,5,6,7,12,13,14,15,16,17,19,25,31,32,34,35,36,37,39,40,41,42,43,45,47,49,50},e=53795797851183
54^16=>{1,2,3,4,5,6,7,11,14,16,25,28,33,35,36,37,38,40,41,42,49,53},e=35852312542708
55^16=>{9,10,12,14,15,16,17,18,19,20,22,25,26,27,28,29,30,31,34,35,40,43,44,45,47,48,49,53},e=-16874840198605
56^16=>{7,8,10,12,17,18,19,21,22,23,24,28,29,30,31,32,33,38,40,44,45,46,47,49,52,53},e=-12367682601036
57^16=>{7,10,12,14,15,20,21,22,24,25,29,30,31,32,34,35,37,38,39,40,41,54,55},e=-1524557865994
58^16=>{1,2,3,4,5,6,7,10,15,17,18,20,24,26,27,31,32,33,36,37,40,41,42,43,44,47,52,57},e=49216168936498
59^16=>{1,2,3,4,5,11,12,13,14,16,18,19,20,22,23,24,25,26,27,28,30,31,33,34,35,37,38,40,42,44,46,48,50,51,55,56},e=594142185458
60^16=>{7,9,10,12,13,14,15,20,21,23,26,27,29,35,38,40,42,44,47,49,50,54,55,57},e=-100578773197
61^16=>{1,2,3,4,6,7,12,13,25,27,28,29,30,32,33,34,35,37,39,41,42,45,46,47,48,50,51,53,54,56,57},e=8193241840
62^16=>{1,2,3,4,5,6,8,10,11,12,13,15,18,20,21,22,25,26,27,28,30,31,32,35,36,37,43,45,48,50,52,53,56,57,58},e=232662488240
63^16=>{1,2,3,4,5,7,11,14,15,16,17,21,26,27,29,31,32,34,35,36,37,38,39,40,41,42,44,45,47,48,49,52,53,55,58,60},e=423473891437
64^16=>{6,7,10,11,13,16,22,23,26,27,28,29,31,32,33,36,38,39,40,44,46,49,51,52,53,55,63},e=-440560139278
65^16=>{1,2,3,4,5,6,7,11,12,15,16,18,20,21,23,24,26,27,28,29,30,33,35,38,39,41,42,43,45,46,47,49,53,55,56,57,58,59,60},e=1333962892459
66^16=>{6,7,11,13,14,16,17,21,22,25,26,30,31,33,35,36,37,38,42,44,47,48,49,51,53,55,58,59,60,62},e=-60592076304
67^16=>{1,2,3,4,5,6,7,8,10,12,14,15,17,19,21,22,25,26,27,28,29,30,33,35,37,38,40,42,44,47,48,50,52,54,56,60,61,64},e=111931645937
68^16=>{1,2,3,4,5,10,11,13,14,15,18,19,21,26,28,30,31,32,33,34,36,37,40,44,45,47,49,51,52,56,57,58,61,62,64},e=44070850287
69^16=>{1,2,3,4,5,6,8,11,12,13,16,17,18,19,22,24,25,26,28,29,32,33,37,38,40,41,44,45,47,48,50,51,53,54,55,57,60,61,67},e=14760472749
70^16=>{4,7,9,11,16,19,21,23,24,33,36,38,41,43,46,49,50,52,53,54,55,56,61,69},e=-2087377102
71^16=>{7,8,10,13,15,16,18,20,22,23,26,27,28,29,30,34,37,38,41,42,43,44,47,52,55,57,66,69},e=-3298038412
72^16=>{6,7,8,10,11,13,14,16,18,19,20,21,22,25,26,27,32,33,34,35,36,37,39,40,41,42,43,45,46,50,51,55,56,57,61,63,64,65,68},e=-144460884
73^16=>{1,2,3,7,10,11,12,13,14,18,19,21,23,24,27,32,35,38,39,42,44,45,46,53,54,55,58,59,60,62,64,65,66,68},e=612855153
74^16=>{7,8,9,12,14,15,18,19,22,23,27,28,29,30,32,36,37,38,39,40,43,44,46,49,51,52,54,55,59,61,62,65,67,71},e=-11293778
75^16=>{6,8,9,10,14,16,17,18,21,22,24,25,29,33,34,36,39,41,42,43,47,52,53,55,58,60,62,64,66,67,72},e=-3854546572
76^16=>{4,5,9,10,14,15,17,21,22,26,27,30,31,32,33,35,36,39,41,42,43,44,45,48,49,51,52,53,56,58,60,62,64,65,66,67,73},e=-628196563
77^16=>{1,2,3,4,5,8,9,10,12,15,18,19,22,23,24,25,26,27,28,29,31,33,37,38,44,47,50,54,55,58,59,62,63,64,65,66,67,68,69,71},e=195500268
78^16=>{5,6,7,8,10,17,18,19,22,23,24,26,27,28,30,31,39,42,44,45,46,47,48,49,52,53,55,59,60,62,63,65,67,68,71,74},e=-204205138
79^16=>{1,2,3,4,7,8,11,14,15,16,17,19,21,24,27,28,29,32,35,39,42,43,44,47,48,52,54,59,60,61,63,64,65,67,68,71,72,73},e=18012332
80^16=>{1,2,3,4,5,7,8,11,12,14,15,16,17,21,23,25,26,27,28,30,31,32,36,37,38,39,40,41,42,44,45,46,49,50,52,55,60,61,62,63,66,67,68,69,70,77},e=11885609
81^16=>{3,5,7,8,9,10,11,12,13,16,17,20,22,23,25,26,29,31,33,37,38,45,46,49,50,51,52,53,54,57,58,59,60,61,63,64,70,71,72,73,76},e=-6557142
82^16=>{1,2,3,4,8,10,14,17,18,19,22,23,25,29,30,31,33,40,42,44,46,47,48,49,50,53,54,55,56,57,59,62,64,65,67,68,70,71,72,75,76},e=244269
83^16=>{5,6,8,9,10,12,14,16,18,20,21,24,29,31,33,34,36,38,39,41,42,44,46,48,49,50,51,52,55,61,63,65,68,69,70,72,73,75,78},e=-103430160
84^16=>{5,6,10,12,14,18,20,21,24,25,27,28,29,30,31,40,43,44,45,46,47,48,51,56,58,59,60,61,62,64,65,68,69,70,71,74,75,76,77},e=-9168017
85^16=>{3,7,8,10,11,13,15,16,18,21,22,23,24,26,27,30,33,34,41,42,44,45,46,49,50,51,52,55,56,58,60,68,75,84},e=-706126
86^16=>{3,4,5,8,9,10,11,15,17,19,20,21,24,27,30,33,34,35,36,37,39,42,43,45,46,48,49,50,51,52,54,58,62,67,68,69,70,71,76,80,81},e=-5566805
87^16=>{1,2,9,11,13,16,17,18,19,22,27,28,29,31,32,34,37,39,45,47,49,50,51,52,55,57,58,62,63,65,67,69,70,72,73,74,77,80,81},e=4088873
