3^16=>{1,2},e=42981184
4^16=>{1,2,3},e=4251855038
5^16=>{1,2,3,4},e=148249811071
6^16=>{1,2,3,4,5},e=2664183937277
7^16=>{1,2,3,4,5,6},e=30254894691966
8^16=>{1,2,3,4,5,6,7},e=245264010263420
9^16=>{1,2,3,4,5,6,7,8},e=1535334245693949
10^16=>{1,2,3,4,5,6,7,8,9},e=7829293867990267
11^16=>{1,2,3,4,5,6,7,8,9,10},e=33779023731562428
12^16=>{1,2,3,4,5,6,7,8,9,10,11},e=126763822899454522
13^16=>{1,2,3,4,5,6,7,8,9,10,11,12},e=422411914292561531
14^16=>{1,2,3,4,5,6,7,8,9,10,11,12,13},e=1269532033735572985
15^16=>{1,2,3,4,5,6,7,8,9,10,11,12,13,14},e=3482033713829721338
16^16=>{1,2,3,4,5,6,7,8,9,10,11,12,13,14,15},e=8791961076113491704
17^16=>{1,2,3,4,5,6,7,8,9,10,11,12,13,14,15,16},e=20559664804361256953
18^16=>{1,2,3,4,5,6,7,8,9,10,11,12,13,14,15,16,17},e=44676812149621771767
19^16=>{1,2,3,4,5,6,7,8,9,10,11,12,13,14,15,16,17,18},e=90239163524054435896
20^16=>{1,2,3,4,5,6,7,8,9,10,11,12,13,14,15,16,17,18,19},e=168716336388812100534
21^16=>{1,2,3,4,5,6,7,8,9,10,11,12,13,14,15,16,17,18,19,20},e=288565026630797428855
22^16=>{1,2,3,4,5,6,7,8,9,10,11,12,13,14,15,16,17,18,19,20,21},e=438789142485891915509
23^16=>{1,2,3,4,5,6,7,8,9,10,11,12,13,14,15,16,17,18,19,20,21,22},e=548676565488760277878
24^16=>{1,2,3,4,5,6,7,8,9,10,11,12,13,14,15,16,17,18,19,20,21,22,23},e=400030525071869538932
25^16=>{20,21,22,23,24},e=-63411027820192788929
26^16=>{20,21,23,24,25},e=-9435362826179367107
27^16=>{18,20,24,25,26},e=-18738509985027897792
28^16=>{17,18,19,20,23,24,26,27},e=-3923372792424650116
29^16=>{1,2,3,4,5,6,7,8,9,10,11,14,16,21,22,25,27,28},e=3286984364288376
30^16=>{12,13,20,21,24,25,28,29},e=-31774464428550596
31^16=>{12,21,23,25,26,27,28,30},e=-52531359908767875
32^16=>{1,2,3,4,5,6,7,8,9,10,11,12,13,14,15,16,17,19,22,23,24,25,26,28,29,31},e=4316140126014371954
33^16=>{15,16,17,19,20,21,23,27,29,30,32},e=-1401773085849878662
34^16=>{1,2,3,4,5,6,7,8,9,10,11,12,13,14,16,18,19,22,23,26,30,31,33},e=208679131005015861
35^16=>{1,2,3,4,5,6,7,8,9,10,11,12,14,16,19,21,23,24,27,28,30,32,34},e=18488073692536375
36^16=>{1,2,3,4,5,6,7,8,9,10,11,12,13,14,15,16,19,20,21,23,25,28,29,30,31,32,33,34},e=916319352505948849
37^16=>{15,16,17,18,20,21,22,23,24,26,28,29,30,32,33,34,35},e=-120321281929885702
38^16=>{9,10,13,17,18,19,22,26,28,32,33,34,37},e=-239049602834886
39^16=>{13,18,19,20,22,23,27,32,33,35,36,37},e=-17219037101100614
40^16=>{16,19,20,21,22,23,24,25,26,27,28,29,32,33,36,37,38},e=-2327935273217480
41^16=>{1,2,3,4,5,6,7,8,9,11,14,17,19,20,23,24,25,27,28,30,31,33,35,37,40},e=1048869886785202
42^16=>{11,14,17,18,19,21,22,23,25,26,27,32,33,34,35,36,37,38,40},e=-3759383849430410
43^16=>{1,2,3,4,5,6,7,8,9,10,11,12,13,16,17,19,20,21,23,26,27,28,29,30,31,33,36,37,38,42},e=2192343017056625
44^16=>{1,2,3,4,5,6,7,8,10,11,13,14,15,16,17,18,22,23,24,27,29,32,33,34,35,36,37,39,43},e=610594218566576
45^16=>{1,2,3,4,5,6,7,8,9,10,11,13,14,15,17,21,22,24,25,26,28,36,37,38,40,41,43},e=1465591628692723
46^16=>{11,12,13,15,21,22,23,24,26,27,28,31,35,38,40,43,44},e=-3511578822965513
47^16=>{1,2,3,4,5,6,7,14,15,17,20,22,27,28,29,31,34,35,38,40,42,46},e=17608918695479
48^16=>{10,14,15,16,18,19,22,23,24,26,28,29,31,34,35,36,37,44,47},e=-2112577529973000
49^16=>{10,15,16,17,19,20,21,22,24,26,28,30,32,36,38,39,44,45,47},e=-139727084188358
50^16=>{11,12,13,14,15,18,25,28,30,34,38,39,41,43,44,45,48},e=-923338540961928
51^16=>{10,13,14,15,16,18,20,21,22,23,25,26,30,31,32,34,38,39,41,43,44,45,47,48},e=-1009184681171402
52^16=>{1,2,3,4,5,6,7,8,9,11,12,17,20,21,22,23,25,26,28,32,33,34,35,40,42,43,44,45,47,50},e=130295480132913
53^16=>{1,2,3,4,5,6,7,12,13,14,15,16,17,19,25,31,32,34,35,36,37,39,40,41,42,43,45,47,49,50},e=53795797851183
54^16=>{1,2,3,4,5,6,7,11,14,16,25,28,33,35,36,37,38,40,41,42,49,53},e=35852312542708
55^16=>{9,10,12,14,15,16,17,18,19,20,22,25,26,27,28,29,30,31,34,35,40,43,44,45,47,48,49,53},e=-16874840198605
56^16=>{7,8,10,12,17,18,19,21,22,23,24,28,29,30,31,32,33,38,40,44,45,46,47,49,52,53},e=-12367682601036
57^16=>{7,10,12,14,15,20,21,22,24,25,29,30,31,32,34,35,37,38,39,40,41,54,55},e=-1524557865994
58^16=>{1,2,3,4,5,6,7,10,15,17,18,20,24,26,27,31,32,33,36,37,40,41,42,43,44,47,52,57},e=49216168936498
59^16=>{1,2,3,4,5,11,12,13,14,16,18,19,20,22,23,24,25,26,27,28,30,31,33,34,35,37,38,40,42,44,46,48,50,51,55,56},e=594142185458
60^16=>{7,9,10,12,13,14,15,20,21,23,26,27,29,35,38,40,42,44,47,49,50,54,55,57},e=-100578773197
61^16=>{1,2,3,4,6,7,12,13,25,27,28,29,30,32,33,34,35,37,39,41,42,45,46,47,48,50,51,53,54,56,57},e=8193241840
62^16=>{1,2,3,4,5,6,8,10,11,12,13,15,18,20,21,22,25,26,27,28,30,31,32,35,36,37,43,45,48,50,52,53,56,57,58},e=232662488240
63^16=>{1,2,3,4,5,7,11,14,15,16,17,21,26,27,29,31,32,34,35,36,37,38,39,40,41,42,44,45,47,48,49,52,53,55,58,60},e=423473891437
64^16=>{6,7,10,11,13,16,22,23,26,27,28,29,31,32,33,36,38,39,40,44,46,49,51,52,53,55,63},e=-440560139278
65^16=>{1,2,3,4,5,6,7,11,12,15,16,18,20,21,23,24,26,27,28,29,30,33,35,38,39,41,42,43,45,46,47,49,53,55,56,57,58,59,60},e=1333962892459
66^16=>{6,7,11,13,14,16,17,21,22,25,26,30,31,33,35,36,37,38,42,44,47,48,49,51,53,55,58,59,60,62},e=-60592076304
67^16=>{1,2,3,4,5,6,7,8,10,12,14,15,17,19,21,22,25,26,27,28,29,30,33,35,37,38,40,42,44,47,48,50,52,54,56,60,61,64},e=111931645937
68^16=>{1,2,3,4,5,10,11,13,14,15,18,19,21,26,28,30,31,32,33,34,36,37,40,44,45,47,49,51,52,56,57,58,61,62,64},e=44070850287
69^16=>{1,2,3,4,5,6,8,11,12,13,16,17,18,19,22,24,25,26,28,29,32,33,37,38,40,41,44,45,47,48,50,51,53,54,55,57,60,61,67},e=14760472749
70^16=>{4,7,9,11,16,19,21,23,24,33,36,38,41,43,46,49,50,52,53,54,55,56,61,69},e=-2087377102
71^16=>{7,8,10,13,15,16,18,20,22,23,26,27,28,29,30,34,37,38,41,42,43,44,47,52,55,57,66,69},e=-3298038412
72^16=>{6,7,8,10,11,13,14,16,18,19,20,21,22,25,26,27,32,33,34,35,36,37,39,40,41,42,43,45,46,50,51,55,56,57,61,63,64,65,68},e=-144460884
73^16=>{1,2,3,7,10,11,12,13,14,18,19,21,23,24,27,32,35,38,39,42,44,45,46,53,54,55,58,59,60,62,64,65,66,68},e=612855153
74^16=>{7,8,9,12,14,15,18,19,22,23,27,28,29,30,32,36,37,38,39,40,43,44,46,49,51,52,54,55,59,61,62,65,67,71},e=-11293778
75^16=>{6,8,9,10,14,16,17,18,21,22,24,25,29,33,34,36,39,41,42,43,47,52,53,55,58,60,62,64,66,67,72},e=-3854546572
