29^16=>{28,27,25,22,21,16,14,11,10,9,8,7,6,5,4,3,1},e=3286984364353912
29^16=>{28,27,25,22,21,16,14,11,10,9,8,7,6,5,4,1},e=3286984407400633
30^16=>{29,28,25,24,21,20,13,12},e=-31774464428550596
31^16=>{30,28,27,26,25,23,21,12},e=-52531359908767875
32^16=>{31,29,28,26,25,24,23,22,19,17,16,15,14,13,12,11,10,9,8,7,6,5,4,3,2,1},e=4316140126014371954
33^16=>{32,30,29,27,23,21,20,19,17,16,15,7,5,3,2},e=-1401806471411451145
34^16=>{33,31,30,26,23,22,19,18,16,14,13,12,11,10,9,8,7,6,3,2,1},e=208679287887873782
35^16=>{34,32,30,28,27,24,23,21,19,16,14,12,11,10,8,6,5,4,3,1},e=20374326812023353
36^16=>{34,33,32,31,30,29,28,25,23,21,20,19,16,15,14,13,12,11,10,9,8,7,6,5,4,3,2,1},e=916319352505948849
37^16=>{35,34,33,32,30,29,28,26,24,23,22,21,20,18,17,16,15,6,5,2,1},e=-120324255627749320
38^16=>{37,34,33,32,28,26,22,19,18,17,13,7,2},e=11580737655381818
39^16=>{37,36,35,33,32,27,23,22,20,19,18,13,12,8,7,6,2},e=-202420825013390279
40^16=>{39,37,32,31,25,23,21,20,19,16,10,5,4},e=478517530530394616
41^16=>{40,37,35,34,28,26,25,21,20,18,15,14,13,12,11,9,8,5},e=224589919172694264
42^16=>{40,39,38,34,26,25,20,18,17,13,10,8},e=-694592827027380292
43^16=>{42,38,37,36,33,31,30,29,28,27,26,23,21,20,19,17,16,14,13,12,10,9,8,4,3,2,1},e=-2129775058300374668
44^16=>{43,40,37,35,29,27,26,23,20,16,15,10,9,7,6,5,3},e=-1011468768945501515
45^16=>{43,41,40,38,37,36,28,27,22,20,17,16,14,12,11,10,5,3,1},e=5753501907840221880
46^16=>{45,40,39,38,37,36,35,33,31,30,27,26,25,23,22,21,20,19,18,17,15,14,13,12,10,9,8,7,6,5,4,3,1},e=-5898403198470039763
47^16=>{44,43,42,41,40,39,33,32,30,28,27,26,24,23,21,20,19,18,17,16,13,12,10,9,7,6,5,4,3,2,1},e=2320574309895406770
48^16=>{46,45,40,39,38,37,35,31,30,29,27,25,16,13,11,10,9,7,6,4,3},e=14659036069690177651
49^16=>{47,45,44,40,37,32,31,27,25,24,23,22,21,9,8,4},e=-1611704139873031432
50^16=>{49,45,42,40,33,24,23,22,18,12,11,8,6,5,4},e=41123982009343418
