27^16=>{18,20,24,25,26},e=-18738509985027897792
28^16=>{17,18,19,20,23,24,26,27},e=-3923372792424650116
29^16=>{1,2,3,4,5,6,7,8,9,10,11,14,16,21,22,25,27,28},e=3286984364288376
30^16=>{12,13,20,21,24,25,28,29},e=-31774464428550596
31^16=>{12,21,23,25,26,27,28,30},e=-52531359908767875
32^16=>{1,2,3,4,5,6,7,8,9,10,11,12,13,14,15,16,17,19,22,23,24,25,26,28,29,31},e=4316140126014371954
33^16=>{15,16,17,19,20,21,23,27,29,30,32},e=-1401773085849878662
34^16=>{1,2,3,4,5,6,7,8,9,10,11,12,13,14,16,18,19,22,23,26,30,31,33},e=208679131005015861
35^16=>{1,2,3,4,5,6,7,8,9,10,11,12,14,16,19,21,23,24,27,28,30,32,34},e=18488073692536375
36^16=>{1,2,3,4,5,6,7,8,9,10,11,12,13,14,15,16,17,18,19,20,23,24,25,26,28,29,30,33,35},e=2103819270242953009
37^16=>{18,19,20,21,25,26,28,29,31,34,36},e=-628766868011971588
38^16=>{1,2,3,4,5,6,7,8,9,10,11,12,13,14,16,20,25,26,29,30,31,32,34,35,36},e=1398529326513095157
27^16=>{18,20,24,25,26},e=-18738509985027897792
28^16=>{17,18,19,20,23,24,26,27},e=-3923372792424650116
29^16=>{1,2,3,4,5,6,7,8,9,10,11,14,16,21,22,25,27,28},e=3286984364288376
30^16=>{12,13,20,21,24,25,28,29},e=-31774464428550596
31^16=>{12,21,23,25,26,27,28,30},e=-52531359908767875
32^16=>{1,2,3,4,5,6,7,8,9,10,11,12,13,14,15,16,17,19,22,23,24,25,26,28,29,31},e=4316140126014371954
33^16=>{15,16,17,19,20,21,23,27,29,30,32},e=-1401773085849878662
34^16=>{1,2,3,4,5,6,7,8,9,10,11,12,13,14,16,18,19,22,23,26,30,31,33},e=208679131005015861
35^16=>{1,2,3,4,5,6,7,8,9,10,11,12,14,16,19,21,23,24,27,28,30,32,34},e=18488073692536375
36^16=>{1,2,3,4,5,6,7,8,9,10,11,12,13,14,15,16,17,18,19,20,23,24,25,26,28,29,30,33,35},e=2103819270242953009
37^16=>{18,19,20,21,25,26,28,29,31,34,36},e=-628766868011971588
38^16=>{1,2,3,4,5,6,7,8,9,10,11,12,13,14,16,20,25,26,29,30,31,32,34,35,36},e=1398529326513095157
39^16=>{19,22,23,24,29,32,34,35,38},e=-17282370949882464707
40^16=>{22,24,25,27,30,31,35,36,39},e=-1824600006638918661
41^16=>{1,2,3,4,5,6,7,8,9,11,14,17,19,20,23,24,25,27,28,30,31,33,35,37,40},e=1048869886785202
42^16=>{13,19,21,22,25,26,28,29,30,31,32,34,35,38,41},e=-175458535371251656
43^16=>{24,25,27,29,30,31,32,33,34,35,37,38,39,41},e=-33257804254075115720
44^16=>{13,14,16,18,19,20,21,23,24,25,26,28,31,33,34,35,39,41,42},e=-109592200264784010
45^16=>{15,18,19,20,22,25,26,27,28,29,33,34,35,39,40,41,43},e=-917744798223627657
46^16=>{1,2,3,4,5,6,7,8,9,10,11,12,13,14,16,17,22,23,25,28,31,34,40,41,42,44},e=1046595587014343284
47^16=>{19,21,25,27,28,30,31,34,35,37,38,40,41,43,45},e=-3256540316154942409
48^16=>{15,16,17,19,20,21,22,25,29,30,31,34,35,37,38,39,41,42,47},e=-1028993349876733388
49^16=>{1,2,3,4,5,6,7,8,9,10,12,14,17,18,20,22,23,24,25,26,27,28,29,31,33,34,35,36,38,39,40,41,43,48},e=1509697526931953
50^16=>{1,2,3,4,5,6,7,8,9,10,11,12,13,14,15,16,17,18,19,21,24,25,26,28,29,30,31,32,34,36,37,38,39,41,43,45,46,47},e=23944798335331673708
51^16=>{1,2,3,4,5,6,7,8,9,10,11,12,13,15,16,18,20,23,24,26,28,32,33,34,38,40,41,42,44,47,49},e=511825572058974260
52^16=>{16,18,19,23,25,27,29,30,32,35,38,39,42,43,44,45,47,50},e=-748702145457490442
53^16=>{1,2,3,4,5,6,7,8,9,10,11,12,16,18,22,24,25,27,28,30,34,37,39,42,43,46,49,51},e=18005716700760692
54^16=>{1,2,3,4,5,6,7,8,9,10,11,12,13,14,15,16,17,20,21,22,24,25,26,28,30,32,36,37,40,41,43,46,47,48,49,51},e=2410040737384296047
55^16=>{1,2,3,4,5,6,7,8,9,10,11,12,13,14,15,17,19,22,23,24,25,26,28,29,31,35,38,39,40,42,43,46,48,49,50,52},e=4010219535787425391
56^16=>{17,22,23,24,25,26,27,29,30,31,33,35,36,38,39,41,42,44,45,47,52,54},e=-5004843348702533772
57^16=>{1,2,3,4,5,6,7,10,11,12,13,16,18,21,24,25,26,27,28,29,30,32,34,36,40,43,44,47,49,50,51,52,53},e=13495517123314
58^16=>{14,15,20,21,22,25,27,31,36,40,41,43,44,45,47,48,51,52,56},e=-140418138874237898
59^16=>{18,19,21,25,30,31,32,33,34,38,41,42,43,44,45,46,48,49,53,54,56},e=-7050028060276804617
60^16=>{10,12,14,15,16,17,18,20,21,23,24,25,33,37,39,42,48,50,56,58},e=-539774701197320
61^16=>{18,20,21,23,24,28,29,31,36,42,43,45,46,47,50,51,52,55,56,57},e=-9550970070264415625
62^16=>{19,21,22,26,27,28,30,31,35,36,38,42,43,44,45,50,51,52,54,55,60},e=-1942913701773248969
63^16=>{1,2,3,4,5,6,7,8,9,10,11,12,13,14,16,19,26,27,28,29,31,35,36,39,41,42,43,46,48,50,56,57,61},e=354289533028717552
64^16=>{16,18,20,21,22,23,24,25,26,27,28,31,36,37,38,39,43,44,48,49,51,52,55,60,61},e=-3668838890723879820
65^16=>{16,23,24,26,27,28,30,34,35,36,37,39,42,43,44,45,49,52,55,60,63},e=-3724192357403492681
66^16=>{1,2,3,4,5,6,7,8,9,10,11,12,13,24,26,27,28,29,31,33,34,35,36,37,38,40,43,44,46,47,48,49,50,51,52,57,60,64},e=315910768609267054
67^16=>{1,2,3,4,5,6,7,8,9,10,11,13,14,16,17,19,23,24,30,31,32,37,39,40,44,45,48,50,51,53,54,56,57,58,60,61,62},e=46101661976433711
68^16=>{13,14,15,16,17,18,20,21,23,24,25,27,28,30,32,34,35,36,38,40,42,43,45,48,50,53,55,57,58,61,66},e=-133590656978267406
69^16=>{40,41,42,43,45,46,48,52,55,56,57,59,60,64,65},e=-77504044323493410694
70^16=>{17,18,19,22,23,24,25,32,38,41,43,44,45,46,48,51,52,53,54,56,57,58,59,60,62,64,65},e=-912247785671913228
71^16=>{1,2,3,4,5,6,7,8,9,10,11,12,13,14,15,16,17,23,26,27,29,30,33,34,35,38,39,40,41,42,44,45,46,47,53,56,57,58,62,63,69},e=4951043262211032427
72^16=>{1,2,3,4,5,6,7,8,9,10,11,12,13,14,15,16,17,20,23,25,26,30,33,34,36,37,38,40,42,45,46,47,49,50,52,57,59,60,62,63,64,69},e=11621897342207912684
73^16=>{1,2,3,4,5,6,7,8,9,10,11,12,13,14,15,17,18,20,21,23,27,31,32,33,34,35,36,41,43,44,46,48,54,57,60,63,68,70},e=504771674174004590
74^16=>{21,23,25,26,28,33,35,36,37,40,41,42,43,45,48,49,50,51,54,55,56,57,58,62,63,64,65,66,70},e=-83543133495939215
75^16=>{18,19,20,21,24,25,26,27,30,33,35,37,38,40,41,42,43,44,45,46,47,54,56,62,66,74},e=-866291367429446410
76^16=>{19,22,26,28,32,33,34,36,37,39,42,43,44,48,49,53,54,59,60,61,63,67,69,73},e=-8800997490793957517
77^16=>{1,2,3,4,5,6,7,8,9,11,15,22,23,25,28,31,33,35,36,38,39,43,44,49,50,51,53,56,58,60,61,62,63,64,76},e=3844572194516142
78^16=>{1,2,3,4,5,6,7,8,9,10,11,12,13,14,18,19,20,23,24,25,27,29,30,32,35,36,38,41,42,43,44,46,47,50,52,53,54,55,58,59,61,62,68,72,75},e=1008584185905710635
79^16=>{20,21,22,23,25,29,30,32,37,38,39,40,43,45,46,47,48,51,53,54,55,56,57,58,59,64,67,68,69,70,72,73},e=-11788431125809551504
80^16=>{28,32,39,41,45,48,49,51,54,55,56,61,62,63,64,65,66,72,74,75},e=-2253146066479735306
81^16=>{21,22,23,24,25,26,28,29,31,34,36,37,38,40,41,43,47,50,51,52,53,54,56,58,59,63,67,69,75,78},e=-1070956440383448975
82^16=>{13,14,15,16,26,27,28,30,32,34,35,37,38,41,42,43,45,46,47,49,50,52,57,58,59,60,63,64,65,66,71,75,79},e=-199908469383637009
83^16=>{45,49,50,51,52,53,54,57,58,59,60,61,65,69,73,74,76,78},e=-162024002842168579273
84^16=>{16,17,18,22,24,25,26,27,28,33,37,38,40,41,43,45,46,47,51,53,55,57,61,62,65,67,68,69,73,76,77,78},e=-2579755598435961491
85^16=>{24,25,32,35,36,39,41,44,45,46,49,51,52,56,57,59,67,70,72,73,77,82},e=-3318183930457113803
86^16=>{13,14,15,16,20,23,24,25,27,30,31,34,37,40,41,44,50,51,52,56,57,61,66,70,71,72,76,80,81},e=-162997721299630285
87^16=>{1,2,3,4,5,6,7,8,9,10,11,12,17,21,23,26,27,29,33,35,38,40,42,44,46,47,49,50,52,55,57,59,60,64,65,67,69,70,71,72,74,77,79,82},e=141740071144960681
88^16=>{14,18,19,22,25,29,30,32,34,37,38,44,45,46,47,48,49,51,54,55,57,60,63,66,68,70,73,75,76,82,83},e=-98457059323177678
89^16=>{1,2,3,4,5,6,7,8,9,10,11,12,13,14,18,19,21,22,24,25,26,29,30,32,34,35,37,39,40,42,45,46,47,48,49,55,56,57,59,60,63,65,67,69,70,74,75,76,77,79,81,82},e=67280769007641381
90^16=>{15,16,18,19,22,23,24,25,29,32,35,36,37,40,41,42,47,49,51,53,55,56,57,59,61,64,65,66,67,69,70,72,75,76,77,79,87},e=-1281706348295417239
91^16=>{1,2,3,4,5,6,7,8,9,10,11,12,14,16,18,20,21,25,26,29,30,34,36,39,41,44,46,53,56,57,58,59,61,62,64,67,68,69,70,72,77,79,81,82,86},e=19323377837054957
92^16=>{1,2,3,4,5,6,7,8,9,10,11,12,13,14,15,17,18,19,20,21,22,23,24,26,27,31,35,39,41,42,44,46,50,56,57,63,65,67,68,69,72,75,81,82,85,86},e=1583828488967888999
93^16=>{18,20,22,24,25,27,28,30,34,36,37,38,40,41,43,45,46,48,52,53,54,56,58,62,63,64,69,71,75,79,82,85,89},e=-2895165304260777805
94^16=>{14,16,19,22,23,25,26,27,28,29,30,31,34,36,38,39,41,42,43,44,45,47,48,52,54,57,58,59,60,61,64,68,71,72,73,77,84,86,90},e=-167013032117774353
95^16=>{13,14,19,22,26,27,28,30,33,35,37,38,41,42,44,45,47,51,52,54,55,56,59,65,66,71,72,73,74,76,81,82,84,92},e=-210475642032360079
96^16=>{12,18,19,20,21,23,24,26,28,32,34,35,39,42,45,46,47,50,51,52,55,56,58,59,60,64,67,68,70,74,78,80,81,83,94},e=-2081917095920781
97^16=>{17,19,21,22,24,27,29,73,75,78,79,80,82,83,84,86,88,89},e=-7215697724786429705
98^16=>{1,2,3,4,5,6,7,8,9,10,11,13,17,20,22,26,28,29,30,33,37,40,42,43,44,48,49,53,55,56,57,58,59,60,61,63,67,68,69,71,73,76,79,85,89,95},e=33314691837870629
99^16=>{11,12,14,17,24,25,30,40,41,43,44,45,46,50,51,52,55,57,61,63,64,65,70,72,74,78,79,80,81,84,86,92,93},e=-5115313073456718
100^16=>{13,14,19,20,21,23,25,26,28,29,30,31,32,33,34,35,37,38,43,44,45,47,50,51,55,58,59,60,61,62,64,65,66,70,73,76,81,82,85,86,87,90,95},e=-46035545965366295
101^16=>{1,2,3,4,5,6,7,8,9,10,11,12,16,17,19,21,22,25,26,27,30,31,32,35,36,37,39,41,42,44,46,47,51,52,53,61,65,66,67,70,71,72,73,74,79,81,84,86,87,89,90,91,92},e=121637699523031396
102^16=>{11,12,13,16,19,20,26,27,28,29,30,34,35,36,38,39,40,41,42,43,47,55,58,64,66,68,69,71,72,74,75,76,77,78,79,81,83,88,95,97},e=-5939291587345492
103^16=>{17,19,20,22,24,25,32,33,36,41,42,43,45,50,52,53,55,56,58,61,62,63,64,66,67,69,70,71,73,74,77,81,82,84,85,86,87,88,90,91,97},e=-318387791021244052
104^16=>{1,2,3,4,5,6,7,8,9,10,11,12,14,15,19,21,22,25,27,28,29,32,33,34,36,37,38,39,40,41,47,49,51,52,53,54,55,56,57,60,62,64,66,67,70,71,72,74,75,78,80,87,88,91,94,95,96},e=183867804798868260
105^16=>{13,14,19,20,21,22,26,27,28,30,31,32,34,36,39,40,41,43,45,48,49,50,51,53,55,56,57,58,59,60,63,64,67,69,70,71,73,74,76,77,83,84,85,88,89,90,91,92,94,97},e=-181476724482511065
106^16=>{11,13,19,20,21,24,25,26,29,31,34,36,40,42,44,45,47,50,51,54,56,60,63,64,66,70,72,76,80,81,84,85,91,92,93,96,100},e=-4970451698125071
107^16=>{16,24,25,26,28,29,30,31,32,33,36,37,38,39,42,43,45,46,52,53,54,57,58,59,63,65,70,72,74,75,76,80,82,83,85,86,89,90,92,93,94,97,98},e=-524268288234232018
108^16=>{15,16,18,19,21,22,23,26,28,29,30,35,36,37,38,39,40,41,42,45,46,47,49,52,55,57,59,60,61,64,65,66,68,75,77,79,80,81,82,83,86,88,93,95,96,98,100},e=-302514750005194904
109^16=>{1,2,3,4,5,6,7,8,9,10,11,12,14,16,20,21,24,25,28,29,33,34,35,38,40,41,44,45,46,49,50,52,54,55,56,57,58,60,62,63,65,66,68,69,71,72,74,77,80,84,89,91,93,94,95,97,98,100},e=59527939267164647
110^16=>{17,22,26,29,30,33,34,35,36,37,38,40,41,42,44,45,46,50,52,53,56,58,60,65,77,81,85,87,88,89,90,92,99,101,103},e=-2740008115748855121
111^16=>{12,13,14,15,17,18,19,25,26,27,29,30,31,35,37,39,46,51,52,54,56,57,58,59,61,62,63,64,65,66,69,73,74,75,76,77,79,82,89,95,96,97,99,100,103},e=-45215775422933466
112^16=>{16,21,23,25,28,29,33,34,36,38,39,40,41,44,45,47,51,53,54,57,60,61,62,64,65,66,68,69,70,71,72,76,77,81,84,85,86,88,90,91,95,96,102,107},e=-980055504491538134
113^16=>{1,2,3,4,5,6,7,8,9,10,11,12,13,15,17,18,19,21,27,28,31,33,36,38,40,41,46,53,54,56,57,61,62,63,69,71,74,76,77,81,84,86,87,88,90,96,97,98,103,107},e=155495980211677926
114^16=>{16,19,20,24,25,29,30,32,33,34,36,37,39,42,43,48,49,50,51,55,58,60,66,68,69,71,82,84,86,87,89,90,92,96,99,100,102,103,104},e=-65244052850606800
115^16=>{19,20,22,23,26,27,30,32,33,34,37,42,44,45,46,48,50,51,54,55,56,57,58,59,62,64,65,66,67,68,71,75,77,78,83,85,88,89,91,92,98,100,102,111},e=-5406750297861019475
116^16=>{1,2,3,4,5,6,7,8,9,10,11,12,13,17,28,30,31,34,36,40,41,45,47,49,53,55,56,58,59,60,63,66,67,68,73,75,80,84,88,89,90,91,93,98,101,103,112},e=542640180521917159
117^16=>{18,19,21,22,23,24,27,32,33,85,87,89,92,93,94,98,99,100,102,103,106,107},e=-1990361395882416139
118^16=>{16,27,28,29,30,32,33,40,41,42,43,44,47,53,56,57,58,60,64,65,68,69,71,72,74,75,76,77,78,80,81,82,83,89,90,91,92,95,100,101,102,107,112},e=-76906922371747028
119^16=>{18,19,24,25,27,29,32,33,35,36,37,39,40,41,42,43,47,49,51,54,55,57,59,65,69,70,72,74,76,77,78,82,84,85,86,88,91,96,105,108,115},e=-1747102553880441686
120^16=>{97,99,100,101,106,107,115},e=-48676537680920659253593605
121^16=>{13,14,16,17,18,21,24,25,28,29,32,34,35,38,40,47,48,50,54,55,57,59,60,61,62,66,68,69,70,76,78,79,81,88,91,93,94,101,105,108,112,113},e=-43673978919050898
122^16=>{71,72,75,76,78,79,81,82,83,87,89,92,93,99,102,105,109,111,115},e=-388011355062049176954125
123^16=>{13,14,15,20,25,28,32,35,37,39,41,95,96,97,103,104,105,106,107,109,116},e=-1891167001256204
124^16=>{1,2,3,4,5,6,7,8,9,10,11,12,13,16,17,18,19,23,25,30,31,32,33,34,36,38,41,42,45,48,52,54,57,58,60,63,65,66,67,68,69,71,73,75,77,78,80,82,86,91,92,94,95,97,98,99,102,103,104,106,109,119},e=298121590112481569
125^16=>{21,22,24,27,29,31,33,36,38,39,40,41,45,46,47,50,55,57,61,62,67,68,72,73,74,78,79,80,82,83,84,85,86,91,92,95,98,100,102,104,105,107,122},e=-10793220125075396564
126^16=>{18,19,20,21,22,23,25,27,28,29,31,82,83,84,85,91,92,94,96,109,110,111,116,118},e=-8191226741013046284
127^16=>{16,18,19,20,21,23,27,28,29,31,33,36,37,39,43,44,46,48,49,51,53,55,56,58,59,60,62,64,66,73,74,75,80,81,82,83,84,88,89,92,94,96,97,99,100,104,117,123},e=-64127656324221591
128^16=>{1,2,3,4,5,6,7,8,9,10,11,12,13,14,17,18,23,24,29,30,31,34,36,37,38,40,43,44,46,49,50,51,55,57,62,63,64,69,70,71,73,76,79,81,83,85,87,88,90,91,94,98,101,102,113,126},e=80442841005778339
129^16=>{107,111,112,114,115,116,119},e=-771166675552639573219190915
130^16=>{17,18,20,21,22,23,24,25,26,27,28,29,33,34,36,39,40,41,49,50,53,54,55,56,59,63,64,73,75,77,79,81,82,84,85,88,89,92,100,101,102,103,107,109,110,113,116,124},e=-1463730618227776474
131^16=>{19,20,22,23,26,27,29,31,32,77,81,84,85,86,88,91,92,94,95,101,102,107,108,109,111,112,114,116,118,119},e=-19202743789346609806
132^16=>{1,2,3,4,5,6,7,8,9,10,11,12,13,14,18,23,24,25,30,31,32,35,38,39,41,42,44,47,48,52,53,55,57,58,59,60,61,64,65,66,69,72,73,74,76,77,79,80,83,85,87,88,91,92,98,99,101,107,109,112,114,118,120,123},e=1307085477672474463
133^16=>{1,2,3,4,5,6,7,8,9,10,11,12,13,14,15,20,24,26,32,38,39,40,41,42,44,47,50,54,57,59,60,63,64,66,67,69,70,73,79,81,86,87,89,90,91,95,97,98,99,101,105,108,111,112,113,115,118,119,123},e=2673968103162160929
134^16=>{107,108,111,115,119,120,121,124},e=-1079481962312363418546828805
135^16=>{11,13,14,18,22,26,29,30,33,36,37,38,39,40,44,49,55,56,58,60,61,65,67,69,70,71,72,73,76,77,79,83,85,86,90,91,92,94,97,98,99,102,105,106,108,110,111,114,122,130},e=-2873126014053014
136^16=>{85,89,92,94,97,98,101,105,106,107,108,110,112,114,115,119,120,122,125},e=-16725096674715078429700937
137^16=>{1,2,3,4,5,6,7,8,9,10,11,12,13,19,22,23,26,27,28,29,30,32,33,34,35,37,38,40,93,95,96,97,98,100,102,103,104,105,106,110,112,115,116,118,133},e=194142577979639916
138^16=>{1,2,3,4,5,6,7,8,9,10,11,12,15,18,23,24,25,27,30,31,35,36,37,39,41,42,44,47,48,49,50,51,52,57,65,66,70,73,74,75,78,81,83,86,87,88,89,90,93,97,98,100,102,109,110,111,112,113,114,119,121,122,124,126},e=22914549342539935
139^16=>{77,80,81,84,88,90,91,92,94,98,99,101,103,104,105,106,107,110,113,115,119,120,123,133},e=-1895065311986143348905292
140^16=>{96,103,107,109,110,113,114,115,117,119,126,128,129},e=-25431909464575407216497416
141^16=>{16,17,18,19,22,23,24,27,34,74,76,79,81,85,86,89,90,92,93,94,95,98,99,103,105,107,108,113,114,115,117,119,125,130,131},e=-3372101785307515347
142^16=>{17,19,21,22,23,25,27,30,33,35,36,37,45,46,47,48,51,54,55,58,59,60,61,63,67,70,71,72,74,75,76,77,78,80,81,83,88,90,92,94,98,99,103,104,105,106,107,109,110,119,123,126,129,134},e=-22281080529325406
143^16=>{115,116,117,118,119,120,121,128,130,132},e=-707556703641266884491168771
144^16=>{116,117,119,120,125,126,127,130,133},e=-320069179790953624956880965
145^16=>{116,118,119,128,132,133,134},e=-1081083891667017421949521217
146^16=>{20,21,24,25,27,28,29,32,36,38,39,42,44,49,50,51,52,54,60,63,65,67,68,72,73,75,76,81,86,90,91,93,97,99,100,105,111,112,117,118,124,127,143},e=-172164238887813398
147^16=>{84,85,86,91,93,95,97,98,104,105,108,110,111,112,116,117,122,125,127,129,134,137},e=-77870918474955422481291
148^16=>{105,106,108,111,112,116,117,118,119,129,133,134,139},e=-356248512272328520311107911
149^16=>{16,19,20,22,24,26,27,28,30,31,34,35,36,37,38,39,41,44,45,47,52,53,55,57,58,59,60,61,63,64,65,70,71,72,74,77,78,81,82,86,87,90,92,93,94,95,102,104,105,107,111,115,116,117,118,122,123,125,126,127,128,129,141},e=-3017946075589878879
150^16=>{1,2,3,4,5,6,7,8,9,10,11,12,13,16,18,19,21,23,24,26,29,30,32,33,84,85,86,87,88,89,90,91,95,96,98,99,103,106,109,115,117,118,119,120,122,123,124,125,127,132,133,134,135},e=63640215246911972
151^16=>{11,15,16,20,21,23,24,25,27,29,30,31,32,33,34,37,39,40,41,42,44,46,47,48,50,51,54,55,127,129,141,145},e=-16468325809260498
152^16=>{1,2,3,4,5,6,7,8,9,10,11,12,13,14,15,17,22,24,30,35,39,40,42,43,44,46,49,50,51,53,54,56,59,60,61,62,63,134,137,141,143},e=1733765851843900843
153^16=>{22,27,28,31,33,35,37,39,40,43,105,106,115,118,119,120,121,122,125,127,128,129,134,135,137,140},e=-6389990212764019087
154^16=>{1,2,3,4,5,6,7,8,9,10,11,12,13,14,15,19,20,21,22,23,29,30,34,36,37,38,39,40,41,44,45,49,51,52,54,60,61,62,63,65,74,78,79,83,84,87,96,97,101,107,112,117,127,128,132,133,134,149},e=3992431186832858657
155^16=>{1,2,3,4,5,6,7,8,9,10,11,12,13,14,15,19,22,23,25,28,29,32,34,35,37,38,40,42,43,44,45,48,52,54,55,59,131,132,140,143,146},e=867059818705461933
156^16=>{17,19,20,21,24,25,27,28,30,32,36,40,42,43,44,45,50,51,54,61,63,65,66,68,69,70,71,73,75,84,85,86,87,90,93,95,97,99,100,102,103,107,108,109,111,112,113,116,117,119,120,121,125,128,131,133,145,147},e=-6587712932843412706
157^16=>{118,119,120,121,123,125,126,128,133,134,135,152},e=-1907770849298154735002732293
158^16=>{111,112,120,122,123,124,128,133,135,139,144,149},e=-1608295008691188021698909574
159^16=>{18,21,22,24,25,27,28,30,34,35,38,39,41,42,47,48,54,55,58,136,140,144,145,149},e=-11293010354168240777
160^16=>{16,19,20,21,23,25,27,28,30,34,37,38,39,43,45,46,54,58,59,62,65,68,71,76,78,81,82,85,86,87,89,91,94,95,106,107,117,118,121,125,128,131,132,151,152},e=-3425934915061015512
161^16=>{1,2,3,4,5,6,7,8,10,13,14,15,16,18,19,22,24,29,30,32,35,36,38,39,40,42,47,49,50,51,53,57,58,60,62,66,68,71,73,76,77,78,79,80,82,85,86,87,94,97,100,105,111,121,124,127,129,132,137,151,153},e=61540857321827
162^16=>{15,16,17,19,20,22,23,27,28,29,30,31,33,34,35,36,37,42,43,44,45,46,49,50,52,56,57,58,59,62,64,65,68,71,73,74,75,77,78,79,82,85,86,87,89,92,94,99,100,102,105,116,119,120,121,122,124,125,127,130,132,133,135,137,138,143,145,150},e=-135115051573823395
163^16=>{13,17,18,20,21,28,29,31,34,36,39,40,41,43,45,53,54,57,60,61,64,65,66,74,75,80,81,84,85,88,89,90,93,95,101,103,104,105,106,108,110,117,120,121,123,127,135,138,139,144,158},e=-29500573374599131
164^16=>{96,97,98,103,104,106,108,112,114,115,123,127,136,138,152,158},e=-3956425506082274113587589
165^16=>{16,18,20,23,24,25,27,28,30,31,33,35,37,40,42,43,47,48,50,51,52,57,58,59,60,61,64,66,68,71,73,75,82,84,85,86,89,94,95,96,98,99,103,106,107,108,111,114,116,117,119,124,126,127,130,141,142,162},e=-3595523406907693722
166^16=>{141,144,156,158},e=-323517908857513391411740822593
167^16=>{1,2,3,4,5,6,7,8,9,10,11,12,13,14,16,20,21,22,23,24,28,29,30,32,34,35,39,41,42,47,48,52,53,57,136,142,144,147,148,153,154},e=1451291174703736495
168^16=>{1,2,3,4,5,6,7,8,9,10,11,14,17,19,23,26,27,31,33,34,35,36,38,39,40,42,43,45,49,50,129,130,133,134,135,136,138,140,143,151,153,155},e=52254896225287144
169^16=>{133,138,143,144,146,147,149,150,157},e=-3381932684098012581716354692
170^16=>{16,18,32,33,34,39,40,41,42,44,45,46,47,48,49,51,52,53,54,55,58,60,61,62,63,65,66,71,72,76,78,85,87,89,91,93,94,96,99,102,103,104,105,106,108,112,113,115,120,123,125,126,128,130,132,133,135,138,141,142,144,145,157,158},e=-1600042125504926
171^16=>{13,14,15,17,19,21,24,25,26,28,29,31,34,35,36,37,38,39,40,43,45,46,47,50,53,55,58,62,134,137,141,143,147,150,157,161},e=-162513975162785877
172^16=>{1,2,3,4,5,6,7,8,9,10,11,12,15,17,25,27,28,29,30,36,37,39,40,41,42,45,48,50,52,55,56,132,135,136,137,138,139,140,142,144,146,148,151,163},e=21676455057687723
173^16=>{15,16,19,22,24,25,28,29,34,35,36,38,48,50,52,53,54,135,136,137,139,140,142,143,149,151,156,163},e=-436449080830782476
174^16=>{86,87,88,89,91,93,94,95,96,97,101,102,105,108,110,115,116,120,123,126,127,129,134,139,142,143,145,147,150,156,157,160},e=-18399746463130618189932433
175^16=>{19,24,26,27,28,31,32,33,34,35,37,38,40,43,44,45,47,48,49,53,55,56,60,65,67,70,74,75,76,79,82,83,85,86,87,89,90,91,97,101,102,104,107,110,114,116,119,121,124,125,129,130,131,137,145,147,148,151,154,155,165},e=-12968528041388888290
176^16=>{15,19,22,24,25,26,28,30,31,32,33,34,35,38,39,41,42,43,44,46,51,52,58,130,137,142,144,146,147,150,151,152,157,158,159},e=-335838799015868303
177^16=>{148,150,151,156,160,161,162},e=-254865664881480547532754062209
178^16=>{13,21,23,24,26,30,33,36,39,41,46,49,50,53,54,62,63,65,67,68,69,71,72,75,76,81,82,83,85,86,89,91,92,93,94,95,97,101,102,104,111,112,115,117,121,125,126,127,130,133,135,137,142,143,144,153,160,172},e=-92663234059964386
179^16=>{1,2,3,4,5,6,7,8,9,10,11,12,13,14,15,23,24,26,27,28,30,32,34,35,37,40,41,42,44,45,46,48,50,51,53,55,58,59,60,65,66,131,138,147,159,161,165,167},e=390152459724875560
180^16=>{130,137,142,144,145,150,151,155,156,157,158,160,163},e=-10916166257515610202950412358
181^16=>{1,2,3,4,5,6,7,8,9,10,11,12,13,14,15,16,17,18,24,26,32,34,35,36,37,39,41,42,44,45,47,49,113,115,117,120,123,124,129,131,134,139,141,142,149,151,152,155,157,158,159,169},e=15119935439106125987
182^16=>{16,20,21,22,24,26,27,29,30,31,33,34,35,36,80,86,90,94,97,98,101,102,105,106,108,114,115,116,117,120,123,124,127,128,130,139,140,144,145,152,153,155,157,159,160,161,166},e=-1813693377448907348
183^16=>{16,18,20,21,32,33,36,37,38,39,40,41,43,46,47,53,54,131,134,135,136,138,140,145,149,150,151,156,157,160,166,170},e=-4294504344585420493
184^16=>{22,25,26,28,30,31,34,37,41,42,44,45,47,124,126,129,132,133,135,136,137,138,139,141,144,146,147,153,156,158,161,167,171},e=-6217340602619655633
185^16=>{1,2,3,4,5,6,7,8,9,10,11,12,13,14,15,16,17,19,20,23,24,25,26,28,29,30,33,34,35,39,42,43,44,46,47,48,50,52,54,57,60,64,65,66,68,69,71,72,75,76,77,78,80,81,82,83,86,87,89,91,94,95,108,111,114,122,124,129,130,131,132,133,136,137,140,141,144,150,152,157,161,162,178},e=3629216482512596123
186^16=>{115,116,118,128,130,131,132,137,143,149,158,171,172,173},e=-418690382851891209975975111
187^16=>{12,14,15,16,17,19,22,25,26,27,28,30,31,32,34,35,46,113,114,115,121,122,124,128,130,133,134,135,137,138,149,151,152,160,169,171,175},e=-34040261594766097
188^16=>{146,154,157,163,164,174,177},e=-353806095803662817882059977091
189^16=>{132,136,137,141,144,145,147,149,153,156,158,160,171,181},e=-35522395396996137952395982471
190^16=>{137,140,147,148,155,162,164,171,172,178},e=-35261198963972257209336037188
191^16=>{15,17,18,19,21,22,27,28,29,31,32,33,34,38,43,45,46,47,51,52,53,55,56,57,61,62,65,155,157,158,160,166,169,170,172,174},e=-1654597169231495123
192^16=>{130,131,132,133,136,138,141,142,147,152,154,156,162,163,170,171,182},e=-448128283547706462507426694
193^16=>{18,22,23,26,27,29,31,33,35,36,37,38,40,41,42,43,45,46,48,49,50,51,52,124,126,129,132,135,137,139,143,146,148,154,155,156,158,159,160,161,165,166,168,172,176},e=-21617714816454286996
194^16=>{1,2,3,4,5,6,7,8,9,10,11,12,13,14,15,22,23,24,25,26,27,28,32,33,34,36,38,39,41,42,43,44,46,47,54,57,141,143,145,151,154,157,162,165,167,176,185},e=1865489920500348711
195^16=>{17,18,22,25,28,30,31,33,34,35,36,37,39,40,41,42,44,48,52,53,56,57,134,137,141,143,148,149,151,156,158,160,164,168,171,188},e=-21769999962893391
196^16=>{17,21,22,24,25,28,29,31,32,33,35,36,37,38,39,40,41,43,46,51,141,142,144,148,149,151,152,155,157,158,163,165,168,169,178,183},e=-647993040178424085
197^16=>{14,16,19,20,21,24,26,32,33,34,35,36,38,39,41,45,50,51,55,56,57,60,61,152,153,154,157,159,163,167,168,170,178,186},e=-73734723511956431
