27^16=>{18,20,24,25,26},e=-18738509985027897792
28^16=>{17,18,19,20,23,24,26,27},e=-3923372792424650116
29^16=>{1,2,3,4,5,6,7,8,9,10,11,14,16,21,22,25,27,28},e=3286984364288376
30^16=>{12,13,20,21,24,25,28,29},e=-31774464428550596
31^16=>{12,21,23,25,26,27,28,30},e=-52531359908767875
32^16=>{21,23,26,30,31},e=-136434137907947159363
33^16=>{18,23,24,25,31,32},e=-17429002365222950914
34^16=>{1,2,3,4,5,6,7,8,9,10,11,12,13,14,16,18,19,22,23,26,30,31,33},e=208679131005015861
35^16=>{1,2,3,4,5,6,7,8,9,10,11,12,14,16,19,21,23,24,27,28,30,32,34},e=18488073692536375
36^16=>{1,2,3,4,5,6,7,8,9,10,11,12,13,14,15,16,17,18,19,20,22,24,25,28,31,33,35},e=22657571203135477490
37^16=>{1,2,3,4,5,6,7,8,9,10,11,12,13,14,16,17,18,21,22,23,25,30,31,32,33,36},e=212637055295561204
38^16=>{18,23,24,27,28,30,31,33,34,37},e=-22256384263707757573
39^16=>{1,2,3,4,5,6,7,8,9,10,11,12,13,14,15,16,17,19,20,23,24,26,27,30,32,36,38},e=7569830287521332469
40^16=>{18,19,20,21,22,23,25,26,29,30,32,37,39},e=-13170598265495609735
41^16=>{19,21,22,23,24,25,30,31,33,35,36,38,39},e=-10728419750110843719
42^16=>{19,21,22,23,24,25,27,31,33,34,35,38,41},e=-17743646903336754825
43^16=>{14,16,19,21,22,24,27,28,30,32,37,39,42},e=-386604885813614916
44^16=>{1,2,3,4,5,6,7,8,9,10,11,12,13,14,15,16,17,18,19,20,22,24,25,27,28,32,33,34,35,36,37,39,40,42},e=20767857056936757744
45^16=>{1,2,3,4,5,6,7,8,9,10,11,12,13,14,15,18,20,21,23,26,27,32,36,37,41,44},e=300537016280826868
46^16=>{21,22,25,28,31,32,33,34,35,36,38,39,40,42,44},e=-10312483414994730246
47^16=>{1,2,3,4,5,6,7,8,9,10,11,12,13,14,15,16,18,20,21,22,27,30,31,35,38,39,42,43,45},e=9188291600027159474
48^16=>{18,19,21,27,28,30,31,33,34,37,39,40,43,47},e=-17363614345795424201
49^16=>{1,2,3,4,5,6,7,8,9,10,11,12,13,14,15,16,17,21,23,24,25,27,28,29,30,31,32,33,35,38,40,41,46,47},e=14223660769950109294
50^16=>{1,2,3,4,5,6,7,8,9,10,11,13,14,16,18,21,22,23,24,27,29,31,32,34,35,36,39,45,46,48},e=4945233886544049
51^16=>{1,2,3,4,5,6,7,8,9,10,11,12,13,14,15,17,19,22,23,24,27,28,32,38,39,45,46,47,48},e=586279495441150706
52^16=>{20,21,22,24,26,29,30,32,33,34,35,37,38,39,42,44,46,47,50},e=-58467792126383288199
53^16=>{1,2,3,4,5,6,7,8,9,10,11,12,13,14,15,18,19,20,21,22,23,26,28,29,31,33,34,35,36,37,39,40,42,43,45,46,52},e=2863853557623375726
54^16=>{1,2,3,4,5,6,7,8,9,10,11,12,13,14,17,18,19,20,23,24,25,27,29,30,31,32,36,37,39,40,42,45,48,49,52},e=84866480068901678
55^16=>{1,2,3,4,5,6,7,8,9,10,11,12,13,14,15,19,20,22,24,25,26,30,37,38,40,42,43,45,46,48,54},e=404693981939957492
56^16=>{13,14,15,18,19,20,21,22,27,28,32,34,35,38,40,41,47,48,49,50,54},e=-57918551957736905
57^16=>{17,18,19,20,22,24,26,27,29,31,33,34,36,37,38,39,41,42,43,44,46,51,56},e=-7487454937429786506
58^16=>{45,47,48,50,53,56},e=-31075248939676211827203
59^16=>{1,2,3,4,5,6,7,8,9,10,11,12,13,14,15,16,17,18,21,23,24,26,27,30,34,36,37,39,42,44,46,49,50,51,52,53,56},e=44221236015926371184
60^16=>{20,21,22,25,26,27,28,30,31,32,33,35,38,40,41,43,44,46,48,51,52,54,55,56},e=-25385780245931975498
61^16=>{15,17,22,24,25,26,27,28,30,32,34,35,36,37,38,39,42,43,45,46,48,50,54,60},e=-744815285026814856
62^16=>{16,18,19,20,26,28,29,31,33,39,40,41,42,43,44,46,49,50,51,54,61},e=-1208577123525537482
63^16=>{35,36,38,39,43,45,47,48,49,50,52,53,57,58,59},e=-2875078272920056891336
64^16=>{1,2,3,4,5,6,7,8,9,10,11,12,13,14,15,16,17,18,19,20,23,24,44,47,48,52,53,56,63},e=55000512810797918066
65^16=>{1,2,3,4,5,6,7,8,9,10,11,12,13,15,17,19,23,24,28,31,33,35,38,41,43,44,47,48,51,56,57,60,62},e=374045794039703022
66^16=>{17,19,21,22,23,24,29,31,32,35,36,39,42,45,47,49,51,54,55,57,59,64},e=-298527019986858703
67^16=>{19,20,38,39,41,42,43,44,47,51,53,56,59,62,64},e=-39588766830802412423
68^16=>{1,2,3,4,5,6,7,8,9,10,12,14,15,17,20,22,23,24,26,27,28,30,32,34,36,37,39,42,43,45,46,49,52,53,55,57,64,65},e=9315172690517166
69^16=>{15,16,17,18,20,25,26,27,28,30,31,34,35,38,44,45,47,48,51,53,57,58,59,60,61,63,64},e=-778056923236352909
70^16=>{39,41,43,48,49,50,51,53,56,59,62,64,67},e=-2332583081552689345992
71^16=>{1,2,3,4,5,6,7,8,9,10,11,12,13,14,15,16,19,20,26,30,31,34,35,36,41,42,43,44,46,47,49,52,64,70},e=419231233975450034
72^16=>{1,2,3,4,5,6,7,8,9,10,11,12,13,14,16,18,19,27,28,29,31,33,34,35,36,42,43,44,45,46,47,50,51,55,56,59,61,62,63,70},e=1702383968336874923
73^16=>{1,2,3,4,5,6,7,8,9,10,11,12,13,14,15,16,17,20,22,25,30,31,33,34,35,36,37,38,40,43,48,52,55,60,61,65,68,69},e=878723914946763694
74^16=>{14,15,17,19,25,27,29,32,34,36,38,39,43,45,48,51,54,59,60,64,66,68,70},e=-245486035750278987
75^16=>{1,2,3,4,5,6,7,8,9,10,11,12,13,14,15,16,17,18,23,24,25,26,27,28,29,30,31,34,36,37,45,46,47,48,51,52,53,57,59,60,61,65,67,68,71},e=23048737966466543208
76^16=>{19,21,23,24,26,27,29,31,32,33,34,37,38,40,42,43,44,45,46,47,54,56,60,61,63,64,65,66,69,72},e=-22657047105168207695
77^16=>{17,23,25,32,33,34,36,38,39,40,44,45,46,48,50,51,55,58,60,62,63,64,68,69,74},e=-3600222855507419913
78^16=>{17,18,19,20,21,23,24,31,35,36,38,64,68,71,72,73},e=-4957759552374651848
79^16=>{24,25,26,28,29,30,32,35,64,66,70,72,76},e=-188623884379769776898
80^16=>{1,2,3,4,5,6,7,8,9,10,11,12,13,14,15,16,17,18,19,20,21,22,25,26,32,33,34,36,57,64,67,69,71,78},e=239287789207833127791
81^16=>{16,17,21,22,23,24,27,29,30,31,32,34,35,37,38,66,68,70,72,75,76},e=-3494348118159372296
82^16=>{78,79},e=-320679825845071161056080641
83^16=>{1,2,3,4,5,6,7,8,9,10,11,12,13,14,15,17,20,25,27,28,30,32,33,34,38,42,46,49,50,51,64,67,68,70,72,73,74,79},e=2786437718074034416
84^16=>{1,2,3,4,5,6,7,8,9,10,11,17,21,23,24,25,28,29,30,34,35,37,38,39,41,42,48,52,56,58,61,62,63,64,68,69,71,73,74,76,79},e=18323977957141035
85^16=>{71,74,76,77,81},e=-14620945582856974869964290
86^16=>{1,2,3,4,5,6,7,8,9,10,11,12,13,17,19,21,22,23,24,25,28,34,35,36,37,38,40,41,42,43,44,46,77,85},e=583433745180053678
87^16=>{1,2,3,4,5,6,7,8,9,10,11,12,13,14,15,16,19,23,24,25,26,28,33,54,56,58,61,63,68,72,75,76,77,84},e=9630362810912444657
88^16=>{74,75,76,77,78,79,82},e=-346613566291412284417741315
89^16=>{1,2,3,4,5,6,7,8,9,10,11,12,13,14,15,16,17,18,19,20,21,22,23,26,27,28,29,30,31,32,33,35,37,38,40,42,44,46,47,50,51,53,55,57,59,68,69,71,76,77,78,79,81,82},e=23520733961783772836
90^16=>{1,2,3,4,5,6,7,8,9,10,11,12,13,14,15,16,18,20,22,23,30,31,33,35,38,39,41,77,81,84,85},e=2906643410105717551
91^16=>{1,2,3,4,5,6,7,8,9,10,11,12,13,15,17,19,20,21,23,24,26,27,30,32,34,35,36,37,39,43,79,81,85,86},e=300093236601889389
92^16=>{17,18,19,20,22,23,24,25,29,30,33,34,35,36,40,44,46,49,54,57,59,61,62,63,65,73,75,77,79,83,89},e=-9308666956153180563
93^16=>{81,82,87,88},e=-5004776476762490985623605313
94^16=>{47,48,49,50,57,63,64,65,69,75,79,83,84,91},e=-197511783458915091183370
95^16=>{16,17,19,22,23,24,25,45,46,49,51,55,61,64,66,69,71,72,76,77,79,83,84,87,89},e=-1590510263845371727
96^16=>{43,45,47,48,50,51,54,55,62,63,69,71,73,78,80,81,83,86,88,89},e=-73840079967104772948300
97^16=>{17,19,20,22,23,25,26,29,32,35,37,38,66,71,74,77,80,81,85,90,92},e=-3437053571275880714
98^16=>{35,40,43,86,87,89,94},e=-7928861722862523066884
99^16=>{62,67,69,72,80,86,98},e=-12451594805869457673809345
100^16=>{25,26,27,28,30,31,32,34,36,38,39,42,43,45,46,47,78,81,85,86,87,89,96},e=-854194918306288779
