2^17=>{1},e=131071
3^17=>{2,1},e=129009090
4^17=>{3,2,1},e=17050597948
5^17=>{4,3,2,1},e=745630312705
6^17=>{5,4,3,2,1},e=16146410851191
7^17=>{6,5,4,3,2,1},e=214923605948926
8^17=>{7,6,5,4,3,2,1},e=2001462391659760
9^17=>{8,7,6,5,4,3,2,1},e=14175044463955833
10^17=>{9,8,7,6,5,4,3,2,1},e=80820681064622695
11^17=>{10,9,8,7,6,5,4,3,2,1},e=386267709563916466
12^17=>{11,10,9,8,7,6,5,4,3,2,1},e=1593984759305765916
13^17=>{12,11,10,9,8,7,6,5,4,3,2,1},e=5807178465206229865
14^17=>{13,12,11,10,9,8,7,6,5,4,3,2,1},e=18997693355774749903
15^17=>{14,13,12,11,10,9,8,7,6,5,4,3,2,1},e=56541125232805717470
16^17=>{15,14,13,12,11,10,9,8,7,6,5,4,3,2,1},e=154636779740771824576
17^17=>{16,15,14,13,12,11,10,9,8,7,6,5,4,3,2,1},e=391581231268402937041
18^17=>{17,16,15,14,13,12,11,10,9,8,7,6,5,4,3,2,1},e=923012267234425940655
19^17=>{18,17,16,15,14,13,12,11,10,9,8,7,6,5,4,3,2,1},e=2031576005541835062658
20^17=>{19,18,17,16,15,14,13,12,11,10,9,8,7,6,5,4,3,2,1},e=4178002289972230690780
21^17=>{20,19,18,17,16,15,14,13,12,11,10,9,8,7,6,5,4,3,2,1},e=8005544785053922585521
22^17=>{21,20,19,18,17,16,15,14,13,12,11,10,9,8,7,6,5,4,3,2,1},e=14171612714349971948551
23^17=>{22,21,20,19,18,17,16,15,14,13,12,11,10,9,8,7,6,5,4,3,2,1},e=22721746436094074569630
24^17=>{23,22,21,20,19,18,17,16,15,14,13,12,11,10,9,8,7,6,5,4,3,2,1},e=31419462297450694132848
25^17=>{24,23,22,21,20,19,18,17,16,15,14,13,12,11,10,9,8,7,6,5,4,3,2,1},e=31900481466759651567625
26^17=>{25,24,23,22,21,20,19,18,17,16,15,14,13,12,11,10,9,8,7,6,5,4,3,2,1},e=1574578582562232590551
27^17=>{26,25,24,23,19,17},e=-365423107283696800697
28^17=>{27,26,25,23},e=-14086128649147023527563
