28^17=>{1,2,3,4,5,6,7,8,9,10,11,12,13,14,15,16,17,18,19,20,21,22,25,26,27},e=8635617786947051042067
29^17=>{21,22,23,24,25,27,28},e=-3324363944943884656131
30^17=>{21,22,23,24,26,28,29},e=-1660280580009001310153
31^17=>{19,20,22,23,27,29,30},e=-628804980794906730499
32^17=>{1,2,3,4,5,6,7,8,9,10,11,12,13,14,15,16,17,18,19,20,21,23,24,25,27,30,31},e=1796406546703585792861
33^17=>{20,21,28,31,32},e=-1942294568413998879699
34^17=>{1,2,3,4,5,6,7,8,9,10,11,12,13,14,15,16,17,23,24,29,30,31,33},e=132412972823291929211
35^17=>{1,2,3,4,5,6,7,8,9,10,11,12,13,14,15,16,17,19,21,22,23,24,26,27,28,31,32,34},e=252420714779977123545
36^17=>{1,2,3,4,5,6,7,8,9,10,11,12,15,19,20,25,34,35},e=1665161878914811070
37^17=>{17,18,19,20,24,31,32,34,36},e=-36273494177950348574
38^17=>{1,2,3,4,5,6,7,8,9,14,15,16,17,18,20,27,28,30,33,35,37},e=29721977291358723
39^17=>{13,16,18,20,24,25,28,29,30,31,33,34,35,38},e=-2676084408305324735
40^17=>{15,19,20,23,24,25,28,30,31,32,35,36,37,38},e=-17386261466556787193
41^17=>{1,2,3,4,5,6,7,8,9,10,13,14,18,19,22,23,30,31,36,37,38,39},e=20396852292991406
42^17=>{14,15,16,19,22,23,24,25,26,27,28,33,34,35,36,37,39,40},e=-717076769405392381
43^17=>{13,14,17,20,22,23,27,28,32,33,34,40,42},e=-1572913123791785222
44^17=>{13,14,18,20,22,23,25,26,30,32,33,35,38,39,41,42},e=-694848641003835857
45^17=>{1,2,3,4,5,6,7,8,9,10,11,14,17,18,20,23,25,26,27,28,29,31,32,39,40,42,43},e=355383173246461535
46^17=>{1,2,3,4,5,6,7,8,9,10,11,12,13,15,16,17,19,20,21,23,25,27,28,29,30,32,34,35,36,37,39,40,43,44},e=1505075449332283205
47^17=>{1,2,3,4,5,6,7,8,9,10,12,23,24,25,28,29,33,34,39,42,44,45},e=159952317373045204
48^17=>{1,2,3,4,5,6,7,8,9,10,12,16,17,19,21,23,25,26,29,32,34,35,36,38,39,41,43,44,46},e=14686212931681667
49^17=>{1,2,3,4,5,6,7,8,9,10,13,16,20,21,22,26,27,30,32,33,34,35,40,42,44,45,47},e=10452191709589627
50^17=>{10,11,14,16,17,21,23,25,27,31,32,33,34,35,41,42,45,46,48},e=-8253148513897461
51^17=>{1,2,3,4,5,6,7,8,9,10,12,13,14,20,21,22,23,25,27,29,33,34,35,36,37,38,39,40,44,45,47,49},e=26992770786059763
52^17=>{1,2,3,4,5,6,7,8,9,11,13,14,15,16,17,19,21,23,24,27,28,29,30,31,33,34,36,37,39,41,43,45,46,51},e=29886958742143864
53^17=>{11,13,15,16,17,18,19,21,23,25,27,28,37,38,40,43,44,45,47,52},e=-43904017113369826
54^17=>{1,2,3,4,5,6,7,8,12,13,18,19,20,21,23,24,25,26,27,28,30,33,34,37,40,41,42,43,47,48,49,52},e=2662679219902966
55^17=>{1,2,3,4,5,6,7,8,9,11,13,20,23,24,26,28,33,34,35,38,39,43,44,46,48,51,53},e=7111580308439281
56^17=>{11,13,15,16,17,18,19,20,23,24,27,30,33,35,36,39,40,42,44,45,47,48,50,52,53},e=-5448222219598521
57^17=>{8,9,12,14,20,21,22,23,27,28,29,33,36,37,39,41,45,49,52,53,54},e=-205502865550045
58^17=>{9,11,13,14,15,16,17,19,20,21,22,24,26,27,30,32,36,37,39,40,43,45,48,50,51,57},e=-74975637086804
59^17=>{1,2,3,4,5,6,7,11,12,13,14,16,17,18,19,21,26,29,31,36,37,40,42,43,46,50,51,52,55,56},e=849520206444196
60^17=>{1,2,3,4,5,6,7,8,10,12,13,14,19,20,23,24,28,34,35,37,39,40,41,42,43,46,50,51,56,58},e=605401102489539
61^17=>{7,8,12,13,14,17,18,20,23,24,25,26,29,30,33,34,35,37,38,39,41,44,45,46,51,52,54,57,58},e=-19870599380039
62^17=>{11,12,13,19,23,24,26,27,28,29,30,35,36,38,39,40,41,44,47,48,49,51,52,53,54,55,60},e=-135054526543852
63^17=>{1,2,3,4,6,7,8,10,13,15,16,17,18,19,20,22,23,25,26,28,32,33,34,35,36,37,38,39,40,41,42,43,47,49,50,51,52,54,56,58,60},e=369557322893
64^17=>{7,12,13,14,15,16,18,20,21,23,24,27,29,32,35,36,41,43,44,51,53,54,56,60,61},e=-4255893860451
65^17=>{9,10,11,13,14,16,17,19,20,24,25,27,36,37,38,39,43,45,46,48,51,52,53,55,56,59,63},e=-2451802097781
66^17=>{1,2,3,4,5,6,7,8,9,11,12,13,15,16,17,19,20,21,23,24,25,27,28,30,31,40,41,42,44,49,51,53,55,58,62,63},e=30175884714661
67^17=>{1,2,3,4,5,9,11,13,19,20,23,24,27,28,29,30,31,34,35,36,39,41,42,44,47,48,50,51,54,57,58,61,65},e=204162865996
68^17=>{6,8,15,16,17,18,19,22,23,24,29,31,32,33,34,35,36,37,38,40,42,44,48,49,51,53,54,55,58,60,63,65},e=-4469367391807
69^17=>{1,2,3,4,5,6,8,11,13,15,16,17,18,19,24,25,31,32,36,37,42,46,49,56,58,59,62,63,66},e=3953948538985
70^17=>{1,2,3,4,5,8,9,10,15,16,18,21,22,23,24,26,27,29,30,35,40,43,44,45,46,48,50,58,60,61,69},e=1091369793918
71^17=>{1,2,3,4,10,11,12,13,15,19,20,26,27,31,35,36,40,41,42,43,44,45,52,55,57,59,61,65,69},e=85110471933
72^17=>{4,5,9,10,11,14,15,16,19,20,23,24,26,27,31,32,34,35,37,43,46,50,52,56,59,60,66,67,68},e=-1521039677
73^17=>{1,2,3,6,7,8,10,12,14,16,17,20,22,25,26,27,28,29,30,31,32,33,34,35,36,38,39,40,41,42,43,45,46,47,48,57,58,59,62,69,70},e=8095617385
74^17=>{1,2,3,4,5,9,10,11,12,13,14,16,18,21,22,23,29,30,35,36,37,38,40,41,42,43,44,47,48,49,63,65,66,67,71},e=176068127239
75^17=>{1,2,3,4,5,6,9,10,13,16,18,20,22,25,26,27,28,30,31,35,36,37,39,42,46,47,48,51,55,58,60,62,64,67,70,71},e=93270276871
76^17=>{9,10,13,18,19,24,27,29,31,34,36,38,39,42,45,46,49,56,59,61,64,68,70,73},e=-11765737094
77^17=>{8,9,11,12,17,26,27,28,30,33,34,43,46,50,51,52,53,54,56,58,59,61,62,63,64,65,68,69,70,72},e=-16472256164
78^17=>{7,10,11,12,13,14,15,17,18,19,20,21,22,24,29,30,32,34,36,39,42,45,46,47,48,49,50,51,53,55,57,61,63,64,65,71,72,74},e=-11944771028
79^17=>{1,2,3,4,5,6,7,9,10,13,14,17,21,22,24,26,30,31,33,34,39,40,44,47,48,49,54,56,59,62,64,67,69,71,72,75},e=10342381671
80^17=>{1,2,3,5,9,17,18,20,22,23,24,26,29,30,33,34,35,37,38,40,41,42,43,45,48,51,54,56,58,60,61,65,69,70,71,73,76},e=1830874681
81^17=>{1,2,3,4,6,8,10,13,17,24,25,26,28,29,30,37,38,40,41,42,48,49,50,51,52,53,54,57,59,60,61,62,63,64,65,66,67,69,72,74,77},e=17653596364
82^17=>{1,2,3,4,6,8,10,12,13,14,15,16,19,22,23,27,28,29,32,34,38,40,41,42,44,46,48,49,52,55,56,58,60,61,62,64,65,70,71,73,75,78},e=4080447316
83^17=>{4,5,7,10,11,13,15,18,24,26,32,34,37,38,43,46,49,50,51,52,53,55,58,59,62,63,64,67,68,69,70,75,77,78},e=-333753050
84^17=>{1,2,3,5,6,7,9,10,14,16,18,19,22,28,30,33,36,37,40,42,45,46,48,49,50,51,52,54,56,59,60,61,62,64,65,68,73,75,76,77,78},e=109538787
