3^17=>{1,2},e=129009090
4^17=>{1,2,3},e=17050597948
5^17=>{1,2,3,4},e=745630312705
6^17=>{1,2,3,4,5},e=16146410851191
7^17=>{1,2,3,4,5,6},e=214923605948926
8^17=>{1,2,3,4,5,6,7},e=2001462391659760
9^17=>{1,2,3,4,5,6,7,8},e=14175044463955833
10^17=>{1,2,3,4,5,6,7,8,9},e=80820681064622695
11^17=>{1,2,3,4,5,6,7,8,9,10},e=386267709563916466
12^17=>{1,2,3,4,5,6,7,8,9,10,11},e=1593984759305765916
13^17=>{1,2,3,4,5,6,7,8,9,10,11,12},e=5807178465206229865
14^17=>{1,2,3,4,5,6,7,8,9,10,11,12,13},e=18997693355774749903
15^17=>{1,2,3,4,5,6,7,8,9,10,11,12,13,14},e=56541125232805717470
16^17=>{1,2,3,4,5,6,7,8,9,10,11,12,13,14,15},e=154636779740771824576
17^17=>{1,2,3,4,5,6,7,8,9,10,11,12,13,14,15,16},e=391581231268402937041
18^17=>{1,2,3,4,5,6,7,8,9,10,11,12,13,14,15,16,17},e=923012267234425940655
19^17=>{1,2,3,4,5,6,7,8,9,10,11,12,13,14,15,16,17,18},e=2031576005541835062658
20^17=>{1,2,3,4,5,6,7,8,9,10,11,12,13,14,15,16,17,18,19},e=4178002289972230690780
21^17=>{1,2,3,4,5,6,7,8,9,10,11,12,13,14,15,16,17,18,19,20},e=8005544785053922585521
22^17=>{1,2,3,4,5,6,7,8,9,10,11,12,13,14,15,16,17,18,19,20,21},e=14171612714349971948551
23^17=>{1,2,3,4,5,6,7,8,9,10,11,12,13,14,15,16,17,18,19,20,21,22},e=22721746436094074569630
24^17=>{1,2,3,4,5,6,7,8,9,10,11,12,13,14,15,16,17,18,19,20,21,22,23},e=31419462297450694132848
25^17=>{1,2,3,4,5,6,7,8,9,10,11,12,13,14,15,16,17,18,19,20,21,22,23,24},e=31900481466759651567625
26^17=>{1,2,3,4,5,6,7,8,9,10,11,12,13,14,15,16,17,18,19,20,21,22,23,24,25},e=1574578582562232590551
27^17=>{17,19,23,24,25,26},e=-365423107283696800697
28^17=>{23,25,26,27},e=-14086128649147023527563
29^17=>{21,22,23,24,25,27,28},e=-3324363944943884656131
30^17=>{21,22,23,24,26,28,29},e=-1660280580009001310153
31^17=>{19,20,22,23,27,29,30},e=-628804980794906730499
32^17=>{22,23,24,25,27,30,31},e=-12375206167646386155690
33^17=>{20,21,28,31,32},e=-1942294568413998879699
34^17=>{17,19,20,21,22,24,26,27,28,30,31,33},e=-196710945755619106644
35^17=>{18,19,21,22,23,24,26,27,28,31,32,34},e=-670591552454448817110
36^17=>{13,15,19,20,25,34,35},e=-4142016586291418795
37^17=>{17,18,19,20,24,31,32,34,36},e=-36273494177950348574
38^17=>{10,14,15,16,17,18,20,27,28,30,33,35,37},e=-51098703773263972
39^17=>{13,16,18,20,24,25,28,29,30,31,33,34,35,38},e=-2676084408305324735
40^17=>{15,19,20,23,24,25,28,30,31,32,35,36,37,38},e=-17386261466556787193
41^17=>{11,13,14,18,19,22,23,30,31,36,37,38,39},e=-365870857270925060
42^17=>{14,15,16,19,22,23,24,25,26,27,28,33,34,35,36,37,39,40},e=-717076769405392381
43^17=>{13,14,17,20,22,23,27,28,32,33,34,40,42},e=-1572913123791785222
44^17=>{13,14,18,20,22,23,25,26,30,32,33,35,38,39,41,42},e=-694848641003835857
45^17=>{14,16,17,19,21,23,24,31,34,35,39,41,44},e=-5342118796890686773
46^17=>{13,18,20,21,23,24,27,31,33,34,35,38,39,40,43,44},e=-3246930743297837897
47^17=>{11,12,23,24,25,28,29,33,34,39,42,44,45},e=-226315392190871262
48^17=>{12,18,19,20,23,25,29,30,33,37,38,40,41,43,47},e=-353543751737583017
49^17=>{13,15,16,17,19,21,23,24,27,29,32,33,34,37,39,41,42,43,44,45,46},e=-171949398916765281
50^17=>{13,14,15,18,24,25,26,27,30,31,32,34,35,39,40,41,42,44,45,46,47},e=-180900629506061118
51^17=>{14,15,16,20,21,22,25,28,29,31,32,37,39,40,44,46,50},e=-170116589736076178
52^17=>{10,11,13,14,15,16,17,19,21,23,24,27,28,29,30,31,33,34,36,37,39,41,43,45,46,51},e=-50933722322478831
53^17=>{14,20,21,22,26,28,29,30,31,36,40,42,45,48,52},e=-46085494859705801
54^17=>{10,11,14,17,18,20,22,23,24,25,26,27,31,35,38,39,40,41,43,46,47,50,52},e=-31267820775747795
55^17=>{12,13,14,16,18,19,20,21,24,25,28,30,31,32,33,34,35,36,37,39,41,43,44,46,48,49,51,52},e=-17563416059009726
56^17=>{11,13,15,16,17,18,19,20,23,24,27,30,33,35,36,39,40,42,44,45,47,48,50,52,53},e=-5448222219598521
57^17=>{8,9,12,14,20,21,22,23,27,28,29,33,36,37,39,41,45,49,52,53,54},e=-205502865550045
58^17=>{9,11,13,14,15,16,17,19,20,21,22,24,26,27,30,32,36,37,39,40,43,45,48,50,51,57},e=-74975637086804
59^17=>{11,12,13,15,16,19,20,21,22,23,24,26,27,28,29,31,32,34,35,37,38,39,41,44,45,49,50,53,55,56},e=-4183195394945956
60^17=>{9,11,13,14,16,18,19,20,25,26,27,29,30,35,36,38,39,40,41,42,43,44,46,47,48,51,53,59},e=-1322818795009909
61^17=>{7,8,9,13,15,17,20,24,25,26,28,33,34,36,38,41,43,45,46,48,50,51,57,59},e=-84352634630242
62^17=>{10,12,15,17,23,28,32,34,35,36,37,38,39,40,42,43,44,46,47,48,53,58,60},e=-1858174056613045
63^17=>{7,9,10,13,15,16,17,18,19,23,24,26,27,28,29,34,37,38,45,48,52,53,56,57,61},e=-81981177484509
64^17=>{9,10,11,13,15,16,18,20,21,22,23,24,25,27,29,32,34,36,38,39,40,42,44,47,49,50,54,57,58,62},e=-334953502543021
65^17=>{9,15,17,21,24,25,27,28,33,35,37,39,41,42,43,44,46,47,48,49,51,53,54,55,56,57,59,62},e=-202622807560712
66^17=>{8,9,10,16,17,19,21,24,28,29,30,32,34,36,38,40,42,45,47,49,51,52,55,60,61,63},e=-300574142836690
67^17=>{7,9,13,15,17,23,25,30,31,33,34,35,36,38,39,43,45,47,48,49,50,51,52,53,54,56,59,60,65},e=-32598128416080
68^17=>{9,10,12,15,18,19,20,22,23,25,27,28,29,30,31,32,33,35,36,37,39,42,44,45,46,47,49,51,52,55,59,60,63,65},e=-42756867814260
69^17=>{7,8,10,17,20,26,28,33,34,35,37,38,39,40,42,43,44,46,47,50,55,56,57,61,68},e=-12811806826922
70^17=>{7,8,11,12,16,17,18,21,24,28,30,31,33,34,35,36,38,39,40,41,49,52,61,65,68},e=-17195095099674
71^17=>{6,10,13,15,16,17,21,22,24,25,27,28,32,33,35,37,38,39,44,47,48,55,57,59,63,64,69},e=-1503430456413
72^17=>{4,5,9,10,11,14,15,16,19,20,23,24,26,27,31,32,34,35,37,43,46,50,52,56,59,60,66,67,68},e=-1521039677
73^17=>{6,7,8,11,12,14,17,19,21,24,30,34,36,37,38,39,40,42,44,48,50,52,59,60,62,64,65,71},e=-7327006823377
74^17=>{10,12,14,19,20,21,23,24,28,29,30,31,32,35,36,37,39,40,42,45,46,47,49,50,51,52,53,56,58,64,65,66,68,70},e=-8310195174688
75^17=>{9,11,13,14,16,17,18,27,30,33,35,37,41,43,45,47,49,52,56,59,61,67,74},e=-1177488736199
76^17=>{8,9,12,13,14,15,16,19,22,23,27,29,31,35,38,39,40,42,45,46,47,48,51,52,56,57,58,62,64,66,68,70,72},e=-3107568740088
77^17=>{6,7,8,10,11,12,14,15,17,18,22,23,25,26,27,28,31,35,36,38,39,40,43,44,45,46,47,48,50,51,52,53,56,58,61,64,66,68,69,71,72},e=-516171503825
78^17=>{6,7,9,10,11,12,18,21,24,25,26,29,31,33,35,36,39,40,46,49,52,55,56,57,63,64,69,70,76},e=-6972895998421
79^17=>{10,11,13,14,17,24,25,26,27,28,32,33,34,36,38,39,40,42,45,54,55,58,60,62,64,69,71,73,75},e=-507280758106
80^17=>{7,8,10,11,12,13,16,17,19,23,24,27,32,33,36,38,40,41,42,44,45,46,47,48,49,50,51,55,56,58,59,66,68,71,75,76},e=-826001171203
81^17=>{7,8,12,14,15,16,17,18,20,21,23,24,26,30,32,33,34,35,37,38,39,47,50,55,60,61,67,68,70,80},e=-795084556216
82^17=>{7,9,10,13,14,16,18,22,23,24,26,27,29,33,34,35,36,39,40,41,43,44,46,47,49,55,58,59,62,64,67,68,72,73,75,78},e=-112639273044
83^17=>{6,7,8,9,10,11,12,16,17,18,22,23,24,27,29,30,31,34,36,38,39,41,42,44,46,47,50,54,55,56,60,63,64,65,74,82},e=-281034659197
84^17=>{7,8,9,12,13,14,17,19,20,21,23,24,25,26,27,28,29,30,35,36,37,40,41,43,44,45,46,47,49,55,58,60,63,64,70,72,73,77,81},e=-99185337924
85^17=>{5,6,8,9,10,15,17,18,19,21,22,23,26,27,28,30,32,33,34,38,40,41,42,43,44,47,49,50,52,53,54,58,59,60,65,69,73,76,79,81},e=-2676422311
86^17=>{5,7,14,15,18,20,21,23,25,27,29,31,33,35,36,40,42,43,45,46,47,48,50,52,56,58,59,63,64,65,70,73,74,81,82},e=-99682115671
