27^17=>{1,2,3,4,5,6,7,8,9,10,11,12,13,14,15,16,19,23,24,25,26},e=26158123984706136344
28^17=>{1,2,3,4,5,6,7,8,9,10,11,12,13,14,15,16,17,18,19,20,21,22,25,26,27},e=8635617786947051042067
29^17=>{21,22,23,24,25,27,28},e=-3324363944943884656131
30^17=>{21,22,23,24,26,28,29},e=-1660280580009001310153
31^17=>{19,20,22,23,27,29,30},e=-628804980794906730499
32^17=>{1,2,3,4,5,6,7,8,9,10,11,12,13,14,15,16,17,18,19,20,21,23,24,25,27,30,31},e=1796406546703585792861
33^17=>{20,21,28,31,32},e=-1942294568413998879699
34^17=>{1,2,3,4,5,6,7,8,9,10,11,12,13,14,15,16,17,23,24,29,30,31,33},e=132412972823291929211
35^17=>{1,2,3,4,5,6,7,8,9,10,11,12,13,14,15,16,17,19,21,22,23,24,26,27,28,31,32,34},e=252420714779977123545
36^17=>{1,2,3,4,5,6,7,8,9,10,11,12,15,19,20,25,34,35},e=1665161878914811070
37^17=>{17,18,19,20,24,31,32,34,36},e=-36273494177950348574
38^17=>{1,2,3,4,5,6,7,8,9,14,15,16,17,18,20,27,28,30,33,35,37},e=29721977291358723
39^17=>{22,25,27,28,29,30,31,32,34,35,36,37},e=-141027155591262309777
40^17=>{15,19,20,23,24,25,28,30,31,32,35,36,37,38},e=-17386261466556787193
41^17=>{1,2,3,4,5,6,7,8,9,10,13,14,18,19,22,23,30,31,36,37,38,39},e=20396852292991406
42^17=>{14,15,16,19,22,23,24,25,26,27,28,33,34,35,36,37,39,40},e=-717076769405392381
43^17=>{13,14,17,20,22,23,27,28,32,33,34,40,42},e=-1572913123791785222
44^17=>{16,18,22,26,27,29,30,32,34,35,36,37,40,43},e=-11767935380815948011
45^17=>{12,13,14,16,20,21,24,28,29,34,35,41,42,43},e=-675219594265559817
46^17=>{1,2,3,4,5,6,7,8,9,10,11,12,13,14,18,19,22,24,26,27,28,30,31,33,40,42,45},e=10739284433820772596
47^17=>{16,18,23,24,25,26,27,28,30,31,32,33,34,35,37,38,41,42,46},e=-31856509888081597709
48^17=>{1,2,3,4,5,6,7,8,9,10,11,12,13,14,15,16,17,19,23,24,25,26,28,29,33,35,36,38,40,41,43,47},e=5214837209376161288
49^17=>{18,20,22,23,24,25,27,29,30,31,33,35,38,39,42,44,45,47},e=-9516934098788374813
50^17=>{1,2,3,4,5,6,7,8,9,10,11,12,13,14,16,17,18,19,20,21,23,25,27,28,32,33,34,35,36,38,39,41,43,44,46,48},e=19457848790507140812
51^17=>{1,2,3,4,5,6,7,8,9,10,11,12,13,14,17,18,19,20,21,22,26,27,30,31,34,35,38,42,43,45,46,47,48},e=17328160842324901797
52^17=>{17,18,20,21,23,25,27,28,29,33,36,37,38,42,45,49,50},e=-51712117632341813106
53^17=>{18,19,20,22,23,25,30,31,34,35,37,38,39,43,44,45,46,47,49,50},e=-452255859908704848852
54^17=>{11,12,16,18,19,21,22,31,33,34,35,37,38,44,45,46,48,49,52},e=-75102438488897177
55^17=>{1,2,3,4,5,6,7,8,9,10,11,12,13,14,16,17,18,19,21,24,25,29,34,35,36,39,42,44,45,50,54},e=15496115280321574112
56^17=>{15,25,26,28,29,30,32,33,35,36,39,43,45,48,50,51,54},e=-8036154987902988923
57^17=>{1,2,3,4,5,6,7,8,9,10,11,12,13,14,15,22,23,24,30,31,36,37,41,42,43,44,46,50,53,55},e=54610298487052106270
58^17=>{20,23,25,26,28,30,31,33,34,38,39,42,44,49,50,54,56},e=-1391039662626693526344
59^17=>{24,29,37,38,39,41,44,45,47,49,51,52,55,56},e=-487134987580662735758
60^17=>{1,2,3,4,5,6,7,8,9,10,11,12,13,14,15,22,24,26,28,32,36,38,40,44,45,47,48,50,51,52,59},e=7481718835639776438
61^17=>{1,2,3,4,5,6,7,8,9,10,11,12,13,14,15,16,17,18,20,21,22,23,27,29,30,32,33,36,43,45,47,48,50,51,54,60},e=303699329944320342509
62^17=>{1,2,3,4,5,6,7,8,9,10,11,12,13,14,15,16,18,19,20,21,24,27,29,32,33,36,38,39,42,43,46,48,49,53,55,61},e=188192590454655353043
63^17=>{20,23,25,26,27,30,32,34,36,38,39,43,44,45,46,49,51,52,53,55,57,58,59},e=-203184369920205303759
64^17=>{1,2,3,4,5,6,7,8,9,10,11,12,13,14,15,16,17,18,19,20,21,24,25,26,28,29,34,38,39,40,41,46,47,48,49,52,53,55,56,57,62},e=859872163495329413884
65^17=>{13,14,17,19,21,24,25,26,27,29,31,32,34,36,38,39,40,44,45,47,50,51,54,55,56,57,58,59,61},e=-2378028742496824787
66^17=>{15,22,24,25,26,28,30,33,34,37,39,42,43,44,46,47,49,52,53,54,55,56,60,61,62},e=-8283100752286252361
67^17=>{1,2,3,4,5,6,7,8,9,10,11,12,13,16,18,21,23,24,26,28,30,31,33,35,37,38,40,41,44,47,49,54,58,60,62,64},e=1646582026845416277
68^17=>{1,2,3,4,5,6,7,8,9,10,11,12,13,14,16,18,20,21,22,24,25,26,30,31,32,33,36,40,41,42,43,45,47,51,52,55,56,58,59,60,61,62,63},e=6507466643129886864
69^17=>{1,2,3,4,5,6,7,8,9,10,11,12,13,16,17,19,21,23,25,26,28,31,34,35,36,39,44,45,46,47,48,50,51,53,56,58,61,62,67},e=8457692698974263870
70^17=>{1,2,3,4,5,6,7,8,9,10,11,12,13,14,17,20,21,25,26,27,28,31,32,34,37,38,50,51,54,58,61,66,67},e=22839411272858710142
71^17=>{1,2,3,4,5,6,7,8,9,10,11,12,13,14,15,21,26,27,30,36,38,39,40,41,45,46,47,50,52,55,57,59,60,67,68},e=66852915813575040637
72^17=>{19,23,24,25,26,28,30,33,36,37,39,40,41,42,43,46,47,52,53,54,56,57,58,62,63,64,66,68},e=-232137528163751045600
73^17=>{18,23,24,29,30,31,33,35,36,37,38,40,47,49,51,53,54,55,56,57,60,64,65,66,70},e=-21552839353695405868
74^17=>{21,22,23,25,27,28,29,30,33,34,35,37,38,40,42,43,46,49,51,52,53,54,57,59,60,61,63,66,67,71},e=-108063406223682753252
75^17=>{15,16,22,24,25,26,28,30,33,34,35,36,37,39,42,46,47,48,51,53,59,62,64,65,67,69,71},e=-11913187673672244559
76^17=>{20,21,35,37,38,40,41,42,44,46,47,52,54,62,64,65,69,70,72},e=-119875580472861914043
77^17=>{1,2,3,4,5,6,7,8,9,10,11,12,13,14,15,16,17,22,25,29,31,32,34,35,37,44,45,49,51,52,54,57,63,64,73,74},e=288273939794649012493
78^17=>{1,2,3,4,5,6,7,8,9,10,11,12,13,14,15,16,22,23,24,25,26,27,28,32,33,36,38,40,43,44,45,47,48,51,57,58,65,67,68,70,71,74},e=53815066556506079830
79^17=>{1,2,3,4,5,6,7,8,9,10,11,12,13,14,16,17,18,19,21,27,28,29,32,33,36,40,41,42,43,44,45,46,47,48,54,57,58,59,60,62,64,65,67,68,71,73,74},e=24261969745086915540
80^17=>{19,20,24,27,29,31,34,37,38,41,43,44,47,48,49,50,51,52,54,56,57,58,59,61,64,67,72,73,77},e=-51700968822672940032
81^17=>{55,57,58,60,61,62,66,67,68,69,70,73,78},e=-618137890116435958447213
82^17=>{1,2,3,4,5,6,7,8,9,10,11,12,13,14,15,16,24,25,29,31,33,34,35,36,39,41,42,46,50,53,57,59,60,61,65,68,70,71,72,80},e=55444716433477460905
83^17=>{13,16,17,21,23,24,25,29,32,33,34,36,38,41,43,49,50,55,57,63,65,66,72,73,75,76,78},e=-2018065554749917271
84^17=>{1,2,3,4,5,6,7,8,9,10,11,12,13,14,15,16,17,18,19,23,24,26,31,32,33,35,37,38,39,40,42,43,47,49,51,53,54,57,59,60,61,62,63,64,70,72,76,82},e=74874070317191838451
85^17=>{17,19,21,22,25,26,29,33,34,40,41,42,44,45,46,48,50,56,58,59,66,69,70,73,74,75,77,81},e=-26469584972930968195
86^17=>{12,13,16,24,26,29,30,32,35,38,41,43,47,49,50,51,52,53,55,58,59,60,63,64,66,69,70,74,80,83},e=-793695805033351026
87^17=>{17,25,26,27,29,31,33,35,36,39,40,42,44,45,49,50,51,53,54,55,57,59,62,63,64,65,67,68,69,71,75,77,78,80,81},e=-139872723110472875390
88^17=>{17,22,23,24,25,27,28,34,35,36,38,39,46,47,49,50,52,56,57,58,59,61,65,66,67,69,70,75,76,77,78,85},e=-57180963819893180333
89^17=>{22,25,26,29,32,36,37,38,39,41,44,45,46,48,50,56,57,61,62,65,69,70,71,72,73,75,76,79,82,84},e=-491349692175465102501
90^17=>{23,24,26,27,30,32,34,36,38,39,43,45,46,49,50,52,53,54,55,58,60,61,62,63,65,66,68,70,71,73,74,77,78,79,80,81,84},e=-3759948754294607007496
91^17=>{1,2,3,4,5,6,7,8,9,10,11,12,13,14,15,16,17,18,19,20,21,22,23,27,28,63,64,66,69,70,71,72,78,79,81,82,87},e=13490316495028369068078
92^17=>{1,2,3,4,5,6,7,8,9,10,11,14,15,18,28,30,32,33,36,37,39,40,43,44,45,49,50,51,52,55,56,60,61,63,64,67,71,77,82,86,88},e=249284376035874970
93^17=>{18,23,30,31,32,33,35,37,39,42,44,45,46,50,52,55,59,61,65,68,70,74,76,78,80,85,86,87},e=-59573995693077691378
94^17=>{18,22,29,35,38,40,45,46,48,50,53,56,58,59,60,61,64,65,66,68,69,73,76,77,79,80,82,84,86,88},e=-195811054939086233221
95^17=>{25,27,28,29,32,35,36,37,38,42,44,45,46,47,49,50,51,52,53,54,61,63,65,66,69,70,72,73,74,76,78,79,80,81,89,90},e=-646184067334163545011
96^17=>{1,2,3,4,5,6,7,8,9,10,11,12,13,14,15,17,18,19,21,24,26,27,61,62,63,64,66,67,68,69,70,73,75,77,79,80,84,87,88,90},e=45644465406708599521
97^17=>{17,18,19,25,27,29,30,31,33,34,42,43,44,45,46,48,49,51,54,56,58,62,63,70,73,74,77,78,81,83,85,86,87,88,89},e=-60899116900360693198
98^17=>{15,16,17,18,19,20,21,26,27,28,32,34,35,37,43,46,47,48,50,51,53,55,56,57,60,63,64,65,69,75,76,80,83,86,89,90,92},e=-4965038710215471065
99^17=>{1,2,3,4,5,6,7,8,9,10,11,12,14,15,17,18,19,20,23,25,26,28,29,35,38,39,40,43,44,47,48,51,54,55,57,58,61,62,63,68,69,70,75,81,82,86,87,89,90,93},e=2647820420121213262
100^17=>{76,77,78,79,82,83,85,86,89,92,94},e=-6973132468163565592541
