2^18=>{1},e=262143
3^18=>{2,1},e=387158344
4^18=>{3,2,1},e=68331794102
5^18=>{4,3,2,1},e=3745590106255
6^18=>{5,4,3,2,1},e=97676152243421
7^18=>{6,5,4,3,2,1},e=1522969836817038
8^18=>{7,6,5,4,3,2,1},e=16280541150478124
9^18=>{8,7,6,5,4,3,2,1},e=130346379428513277
10^18=>{9,8,7,6,5,4,3,2,1},e=830157108834515035
11^18=>{10,9,8,7,6,5,4,3,2,1},e=4390074422326746516
12^18=>{11,10,9,8,7,6,5,4,3,2,1},e=19893573076227527458
13^18=>{12,11,10,9,8,7,6,5,4,3,2,1},e=79102313466414432779
14^18=>{13,12,11,10,9,8,7,6,5,4,3,2,1},e=281070353773136389177
15^18=>{14,13,12,11,10,9,8,7,6,5,4,3,2,1},e=905204525387263294490
16^18=>{15,14,13,12,11,10,9,8,7,6,5,4,3,2,1},e=2671787248186107726936
17^18=>{16,15,14,13,12,11,10,9,8,7,6,5,4,3,2,1},e=7290138734514542290553
18^18=>{17,16,15,14,13,12,11,10,9,8,7,6,5,4,3,2,1},e=18510377905675629883959
19^18=>{18,17,16,15,14,13,12,11,10,9,8,7,6,5,4,3,2,1},e=43944912052993796265952
20^18=>{19,18,17,16,15,14,13,12,11,10,9,8,7,6,5,4,3,2,1},e=97834211457171313200270
21^18=>{20,19,18,17,16,15,14,13,12,11,10,9,8,7,6,5,4,3,2,1},e=204427003853886842989831
22^18=>{21,20,19,18,17,16,15,14,13,12,11,10,9,8,7,6,5,4,3,2,1},e=400164383288563312765973
23^18=>{22,21,20,19,18,17,16,15,14,13,12,11,10,9,8,7,6,5,4,3,2,1},e=729317364727596539355814
24^18=>{23,22,21,20,19,18,17,16,15,14,13,12,11,10,9,8,7,6,5,4,3,2,1},e=1220162624521481346725252
25^18=>{24,23,22,21,20,19,18,17,16,15,14,13,12,11,10,9,8,7,6,5,4,3,2,1},e=1813783693719570397425525
26^18=>{25,24,23,22,21,20,19,18,17,16,15,14,13,12,11,10,9,8,7,6,5,4,3,2,1},e=2189463436999785648552851
27^18=>{26,25,24,23,22,21,20,19,18,17,16,15,14,13,12,11,10,9,8,7,6,5,4,3,2,1},e=1380180040012007610125868
28^18=>{27,26,25,24,23},e=-500730062707301757895451
