3^18=>{1,2},e=387158344
4^18=>{1,2,3},e=68331794102
5^18=>{1,2,3,4},e=3745590106255
6^18=>{1,2,3,4,5},e=97676152243421
7^18=>{1,2,3,4,5,6},e=1522969836817038
8^18=>{1,2,3,4,5,6,7},e=16280541150478124
9^18=>{1,2,3,4,5,6,7,8},e=130346379428513277
10^18=>{1,2,3,4,5,6,7,8,9},e=830157108834515035
11^18=>{1,2,3,4,5,6,7,8,9,10},e=4390074422326746516
12^18=>{1,2,3,4,5,6,7,8,9,10,11},e=19893573076227527458
13^18=>{1,2,3,4,5,6,7,8,9,10,11,12},e=79102313466414432779
14^18=>{1,2,3,4,5,6,7,8,9,10,11,12,13},e=281070353773136389177
15^18=>{1,2,3,4,5,6,7,8,9,10,11,12,13,14},e=905204525387263294490
16^18=>{1,2,3,4,5,6,7,8,9,10,11,12,13,14,15},e=2671787248186107726936
17^18=>{1,2,3,4,5,6,7,8,9,10,11,12,13,14,15,16},e=7290138734514542290553
18^18=>{1,2,3,4,5,6,7,8,9,10,11,12,13,14,15,16,17},e=18510377905675629883959
19^18=>{1,2,3,4,5,6,7,8,9,10,11,12,13,14,15,16,17,18},e=43944912052993796265952
20^18=>{1,2,3,4,5,6,7,8,9,10,11,12,13,14,15,16,17,18,19},e=97834211457171313200270
21^18=>{1,2,3,4,5,6,7,8,9,10,11,12,13,14,15,16,17,18,19,20},e=204427003853886842989831
22^18=>{1,2,3,4,5,6,7,8,9,10,11,12,13,14,15,16,17,18,19,20,21},e=400164383288563312765973
23^18=>{1,2,3,4,5,6,7,8,9,10,11,12,13,14,15,16,17,18,19,20,21,22},e=729317364727596539355814
24^18=>{1,2,3,4,5,6,7,8,9,10,11,12,13,14,15,16,17,18,19,20,21,22,23},e=1220162624521481346725252
25^18=>{1,2,3,4,5,6,7,8,9,10,11,12,13,14,15,16,17,18,19,20,21,22,23,24},e=1813783693719570397425525
26^18=>{1,2,3,4,5,6,7,8,9,10,11,12,13,14,15,16,17,18,19,20,21,22,23,24,25},e=2189463436999785648552851
27^18=>{1,2,3,4,5,6,7,8,9,10,11,12,13,14,15,16,17,18,19,20,21,22,23,24,25,26},e=1380180040012007610125868
28^18=>{1,2,3,4,5,6,7,8,9,10,11,12,13,14,15,16,17,18,19,20,21,22,24,25,26,27},e=228587302020294781460363
29^18=>{1,2,3,4,5,6,7,8,9,10,11,12,13,14,15,16,17,18,21,23,24,26,27,28},e=9945583803720870364957
30^18=>{24,27,28,29},e=-69409805989719665479970
31^18=>{1,2,3,4,5,6,7,8,9,10,11,12,13,14,15,16,17,18,19,20,21,22,23,24,26,27,29,30},e=808467896171658244851235
32^18=>{23,24,26,28,30,31},e=-140608261351470434539602
33^18=>{23,25,26,27,28,31,32},e=-296818591207932281634459
34^18=>{1,2,3,4,5,6,7,8,9,10,11,12,13,14,15,16,17,18,19,20,21,23,24,25,27,29,32,33},e=147717757736601366529072
35^18=>{20,22,23,25,26,28,29,33,34},e=-30429765879709280086339
36^18=>{18,19,21,28,29,30,32,33,35},e=-1882717264562619422453
37^18=>{1,2,3,4,5,6,7,8,9,10,11,12,13,14,15,16,17,18,19,22,23,24,26,28,29,35,36},e=38481151577426524517508
38^18=>{1,2,3,4,5,6,7,8,9,10,11,12,13,14,15,16,17,18,20,22,23,26,27,28,29,30,32,33,35,37},e=755759891313134440225
39^18=>{1,2,3,4,5,6,7,8,9,10,11,12,13,14,16,17,19,20,21,23,28,33,34,36,38},e=350490511769701384341
40^18=>{17,20,21,23,25,29,31,32,33,34,35,36,37,38},e=-81465315445655070409
41^18=>{18,21,22,23,26,28,29,30,33,35,36,37,38,39},e=-184685288390689385302
42^18=>{16,19,21,25,34,36,37,38,41},e=-107377055359975286845
43^18=>{16,18,20,24,26,27,29,31,32,34,36,37,39,40,41},e=-252418528253787488901
44^18=>{1,2,3,4,5,6,7,8,9,10,11,12,13,14,15,17,19,20,22,23,26,28,31,32,34,35,36,41,43},e=94503499338113038121
45^18=>{15,16,17,21,27,30,32,33,39,41,42,43},e=-176467975756762772903
46^18=>{1,2,3,4,5,6,7,8,9,10,11,12,13,16,21,25,26,27,28,30,31,32,33,34,37,43,45},e=2037460650421990393
47^18=>{11,15,18,20,21,22,23,24,25,27,28,30,31,32,33,34,37,41,42,44,45},e=-1449336920821199714
48^18=>{1,2,3,4,5,6,7,8,9,10,11,12,13,17,19,20,24,25,26,27,28,29,31,32,33,45,47},e=2746050813430330256
49^18=>{11,12,14,20,21,22,23,25,30,31,33,35,38,39,41,43,44,48},e=-678764163349033049
50^18=>{15,16,19,20,24,25,30,32,34,36,38,42,44,45,49},e=-195546258513183857669
51^18=>{1,2,3,4,5,6,7,8,9,10,11,12,13,15,18,20,21,23,27,29,30,33,34,35,37,39,40,43,45,48,49},e=3196596201581608254
52^18=>{9,10,12,13,14,15,16,17,20,21,23,25,27,28,31,33,35,38,42,43,45,47,51},e=-21605546589074311
53^18=>{1,2,3,4,5,6,7,8,9,10,11,12,15,16,19,20,21,28,30,31,32,34,36,37,39,40,41,42,43,44,45,50,51},e=3332343518596505329
54^18=>{1,2,3,4,5,6,7,8,9,10,11,12,13,14,15,16,17,19,20,23,25,28,33,37,38,45,47,48,50,52},e=1920745785716625128
55^18=>{1,2,3,4,5,6,7,8,9,10,11,13,14,15,17,18,19,20,22,23,24,27,28,31,32,34,35,36,39,40,41,43,44,45,46,47,48,49,51,52},e=1207541498647991004
56^18=>{1,2,3,4,5,6,7,8,9,10,14,15,19,22,23,24,27,28,29,30,31,33,35,36,37,40,41,43,44,48,51,55},e=17761930670035510
57^18=>{1,2,3,4,5,6,7,8,9,12,13,16,19,21,22,23,24,32,33,37,38,40,42,44,45,49,54,55},e=20350579347144891
58^18=>{1,2,3,4,5,6,7,8,11,12,18,19,20,23,24,26,28,31,33,34,35,36,38,39,43,44,45,46,47,50,52,53,56},e=5426938634075329
59^18=>{11,12,16,17,18,19,22,23,24,26,28,29,33,35,36,37,40,41,43,44,52,53,54,57},e=-22717668779203867
60^18=>{1,2,3,4,5,6,7,8,9,11,14,15,16,17,19,21,22,26,27,28,32,33,34,35,36,38,39,40,43,44,45,46,47,48,55,59},e=41902834339109693
61^18=>{1,2,3,4,5,6,7,8,9,11,12,13,15,18,19,23,27,28,30,31,34,40,41,45,46,48,52,55,56,59},e=46008756029251241
62^18=>{1,2,3,4,5,6,7,8,9,10,15,18,19,21,22,23,24,26,27,28,29,31,32,33,34,35,39,41,45,47,49,50,54,56,58,59},e=2813578989576340
63^18=>{1,2,3,4,5,6,12,14,16,17,19,20,23,25,26,28,29,30,33,34,35,36,37,38,39,41,43,45,47,48,49,50,51,54,55,58,61},e=758734553092861
64^18=>{8,9,10,12,14,16,17,18,19,21,22,23,25,26,29,30,31,32,33,34,38,39,44,46,47,48,50,51,53,55,57,58,62},e=-6029671009632727
65^18=>{8,11,13,14,17,18,21,22,27,28,32,37,38,42,43,44,47,50,51,54,55,61,63},e=-636759711283083
66^18=>{1,2,3,4,5,6,8,11,12,13,16,20,22,26,29,30,31,34,37,40,42,43,47,48,49,50,51,52,53,60,65},e=460130132096698
67^18=>{7,8,10,11,13,15,16,17,21,22,23,28,29,34,35,36,38,43,47,48,50,51,53,54,61,66},e=-20568805231149
68^18=>{7,9,10,12,13,14,15,16,17,18,22,23,26,28,29,30,31,36,37,39,40,41,44,45,47,48,49,50,53,54,57,64,66},e=-354871097090552
69^18=>{1,2,3,4,5,6,8,15,17,20,21,23,24,25,26,29,30,32,36,39,40,44,45,46,49,50,54,55,56,58,60,61,64,66},e=126426566874011
70^18=>{1,2,3,4,5,6,7,9,10,12,13,14,15,16,18,19,21,22,23,25,28,34,35,39,41,42,46,47,50,51,53,54,55,57,59,60,62,65,67},e=192108051080570
71^18=>{1,2,3,4,5,7,9,10,12,14,19,20,21,22,23,24,26,27,28,29,30,31,33,35,36,39,43,46,47,52,54,55,56,57,58,59,64,66,68},e=25537873042118
72^18=>{1,2,3,4,5,6,7,8,10,14,17,20,22,23,24,25,28,29,30,32,33,34,35,40,41,42,43,45,46,47,48,52,55,58,60,61,62,66,70},e=32468569756360
73^18=>{1,2,3,4,5,11,16,17,18,20,21,23,24,26,27,28,30,31,34,37,39,42,45,47,48,49,51,54,56,57,60,61,63,64,66,67,69},e=6466649553845
74^18=>{1,2,3,4,5,13,20,21,22,25,26,28,29,30,32,35,37,45,46,47,48,49,50,56,57,60,62,65,66,68,71},e=9569311475153
75^18=>{1,2,3,4,5,8,9,10,11,12,13,15,18,23,26,27,31,32,37,39,42,43,44,50,51,52,56,57,60,61,64,69,70,71},e=8708484719975
76^18=>{1,2,3,4,5,7,8,10,11,16,17,18,20,21,23,24,25,29,33,36,37,38,39,40,41,47,53,54,57,59,61,63,65,66,75},e=5583769367306
77^18=>{1,2,3,4,5,7,9,10,11,13,14,16,17,20,21,23,24,26,29,30,31,32,34,35,38,40,41,42,44,45,51,52,55,56,57,60,61,62,65,68,72,74},e=9692625899445
78^18=>{7,9,10,13,16,17,19,21,22,23,24,26,27,29,34,35,36,38,39,43,45,50,51,56,59,60,61,62,63,67,70,71,72,73},e=-1618246878548
79^18=>{1,2,3,4,5,8,9,14,15,16,17,18,19,20,22,27,28,29,31,35,38,39,40,41,42,44,47,51,52,57,61,63,64,66,68,70,71,72,75},e=200594540261
80^18=>{1,2,3,4,7,8,9,12,15,16,18,19,21,22,28,30,31,33,34,35,36,37,38,39,43,44,45,46,48,49,50,52,53,56,57,59,60,61,64,65,66,67,69,72,74,76},e=745482728042
81^18=>{7,9,12,13,16,18,20,22,23,31,32,34,35,36,39,41,42,44,45,46,49,50,51,53,55,56,58,59,63,68,69,71,72,73,74,76},e=-927324459097
82^18=>{1,2,3,4,6,9,11,12,14,15,19,20,21,22,23,24,25,26,27,33,34,35,39,44,45,47,49,51,53,54,56,58,60,61,62,68,69,71,72,73,75,78},e=687161904169
83^18=>{1,2,3,4,6,8,9,10,13,15,16,18,20,25,27,29,30,31,32,33,35,37,38,39,41,42,44,47,48,51,52,53,54,56,57,58,59,60,68,69,79,80},e=233514881156
