2^19=>{1},e=524287
3^19=>{2,1},e=1161737178
4^19=>{3,2,1},e=273715121188
5^19=>{4,3,2,1},e=18797445635425
6^19=>{5,4,3,2,1},e=590010212989671
7^19=>{6,5,4,3,2,1},e=10770185918341822
8^19=>{7,6,5,4,3,2,1},e=132087583623451408
9^19=>{8,7,6,5,4,3,2,1},e=1194708925144731753
10^19=>{9,8,7,6,5,4,3,2,1},e=8493005489798747575
11^19=>{10,9,8,7,6,5,4,3,2,1},e=49652095938213293866
12^19=>{11,10,9,8,7,6,5,4,3,2,1},e=246813914412007128132
13^19=>{12,11,10,9,8,7,6,5,4,3,2,1},e=1069774206046207385113
14^19=>{13,12,11,10,9,8,7,6,5,4,3,2,1},e=4122237584244229560943
15^19=>{14,13,12,11,10,9,8,7,6,5,4,3,2,1},e=14338007866877406625950
16^19=>{15,14,13,12,11,10,9,8,7,6,5,4,3,2,1},e=45559115191729718326336
17^19=>{16,15,14,13,12,11,10,9,8,7,6,5,4,3,2,1},e=133515823425052396335217
18^19=>{17,16,15,14,13,12,11,10,9,8,7,6,5,4,3,2,1},e=363606297410087422998543
19^19=>{18,17,16,15,14,13,12,11,10,9,8,7,6,5,4,3,2,1},e=925555262359725659407258
20^19=>{19,18,17,16,15,14,13,12,11,10,9,8,7,6,5,4,3,2,1},e=2211595951039098481159300
21^19=>{20,19,18,17,16,15,14,13,12,11,10,9,8,7,6,5,4,3,2,1},e=4974332591370124606740081
22^19=>{21,20,19,18,17,16,15,14,13,12,11,10,9,8,7,6,5,4,3,2,1},e=10542316523726438001394327
23^19=>{22,21,20,19,18,17,16,15,14,13,12,11,10,9,8,7,6,5,4,3,2,1},e=21027833025280417271671198
24^19=>{23,22,21,20,19,18,17,16,15,14,13,12,11,10,9,8,7,6,5,4,3,2,1},e=39296421080124149219138448
25^19=>{24,23,22,21,20,19,18,17,16,15,14,13,12,11,10,9,8,7,6,5,4,3,2,1},e=68095241969245138242585625
26^19=>{25,24,23,22,21,20,19,18,17,16,15,14,13,12,11,10,9,8,7,6,5,4,3,2,1},e=106966745751264438385177351
27^19=>{26,25,24,23,22,21,20,19,18,17,16,15,14,13,12,11,10,9,8,7,6,5,4,3,2,1},e=144075114432622269076465962
28^19=>{27,26,25,24,23,22,21,20,19,18,17,16,15,14,13,12,11,10,9,8,7,6,5,4,3,2,1},e=137293766297867477266201828
