3^19=>{1,2},e=1161737178
4^19=>{1,2,3},e=273715121188
5^19=>{1,2,3,4},e=18797445635425
6^19=>{1,2,3,4,5},e=590010212989671
7^19=>{1,2,3,4,5,6},e=10770185918341822
8^19=>{1,2,3,4,5,6,7},e=132087583623451408
9^19=>{1,2,3,4,5,6,7,8},e=1194708925144731753
10^19=>{1,2,3,4,5,6,7,8,9},e=8493005489798747575
11^19=>{1,2,3,4,5,6,7,8,9,10},e=49652095938213293866
12^19=>{1,2,3,4,5,6,7,8,9,10,11},e=246813914412007128132
13^19=>{1,2,3,4,5,6,7,8,9,10,11,12},e=1069774206046207385113
14^19=>{1,2,3,4,5,6,7,8,9,10,11,12,13},e=4122237584244229560943
15^19=>{1,2,3,4,5,6,7,8,9,10,11,12,13,14},e=14338007866877406625950
16^19=>{1,2,3,4,5,6,7,8,9,10,11,12,13,14,15},e=45559115191729718326336
17^19=>{1,2,3,4,5,6,7,8,9,10,11,12,13,14,15,16},e=133515823425052396335217
18^19=>{1,2,3,4,5,6,7,8,9,10,11,12,13,14,15,16,17},e=363606297410087422998543
19^19=>{1,2,3,4,5,6,7,8,9,10,11,12,13,14,15,16,17,18},e=925555262359725659407258
20^19=>{1,2,3,4,5,6,7,8,9,10,11,12,13,14,15,16,17,18,19},e=2211595951039098481159300
21^19=>{1,2,3,4,5,6,7,8,9,10,11,12,13,14,15,16,17,18,19,20},e=4974332591370124606740081
22^19=>{1,2,3,4,5,6,7,8,9,10,11,12,13,14,15,16,17,18,19,20,21},e=10542316523726438001394327
23^19=>{1,2,3,4,5,6,7,8,9,10,11,12,13,14,15,16,17,18,19,20,21,22},e=21027833025280417271671198
24^19=>{1,2,3,4,5,6,7,8,9,10,11,12,13,14,15,16,17,18,19,20,21,22,23},e=39296421080124149219138448
25^19=>{1,2,3,4,5,6,7,8,9,10,11,12,13,14,15,16,17,18,19,20,21,22,23,24},e=68095241969245138242585625
26^19=>{1,2,3,4,5,6,7,8,9,10,11,12,13,14,15,16,17,18,19,20,21,22,23,24,25},e=106966745751264438385177351
27^19=>{1,2,3,4,5,6,7,8,9,10,11,12,13,14,15,16,17,18,19,20,21,22,23,24,25,26},e=144075114432622269076465962
28^19=>{1,2,3,4,5,6,7,8,9,10,11,12,13,14,15,16,17,18,19,20,21,22,23,24,25,26,27},e=137293766297867477266201828
29^19=>{22,23,24,25,26,27,28},e=-4531226481665968452137006
30^19=>{20,21,22,26,27,28,29},e=-1017544755192814936208789
31^19=>{21,22,26,28,29,30},e=-298885702715008581396755
32^19=>{20,21,22,24,29,30,31},e=-512763191593432363832785
33^19=>{22,24,25,28,29,31,32},e=-1817376594201330101954060
34^19=>{1,2,3,4,5,6,7,8,9,10,11,12,13,14,15,16,17,18,19,20,21,22,23,24,25,26,27,30,32,33},e=27248364672929654170504835
35^19=>{1,2,3,4,5,6,7,8,9,10,11,12,13,14,15,16,17,18,19,20,21,22,23,28,29,30,33,34},e=3624653038633364377525477
36^19=>{17,18,20,21,26,29,31,34,35},e=-17304963989716229068605
37^19=>{17,18,19,22,24,25,26,27,30,31,35,36},e=-48398283437714276462949
38^19=>{16,17,18,20,23,24,25,27,29,31,32,34,35,37},e=-13448414976676998595488
39^19=>{21,22,23,25,27,33,35,36,38},e=-651227138495194445955845
40^19=>{17,18,23,24,25,26,27,29,30,31,32,34,35,37,39},e=-13261418081042676884439
41^19=>{1,2,3,4,5,6,7,8,9,10,11,12,17,18,19,20,21,23,24,27,29,30,35,36,38,40},e=269632052323793423466
42^19=>{1,2,3,4,5,6,7,8,9,10,11,12,13,14,15,16,17,18,19,20,29,31,32,33,34,35,36,39,41},e=109115435965613502198548
43^19=>{20,21,22,25,29,30,32,34,36,37,38,39,42},e=-172966405584994948592636
44^19=>{23,27,28,29,32,33,34,35,38,39,40,43},e=-585940272563309209267029
45^19=>{15,19,20,23,25,26,27,29,30,33,35,39,42,44},e=-1153138408039480564112
46^19=>{1,2,3,4,5,6,7,8,9,10,11,12,13,14,15,16,20,21,24,25,29,30,31,32,34,35,36,39,43,45},e=1217778045690833200236
47^19=>{1,2,3,4,5,6,7,8,9,10,11,12,15,17,22,26,28,29,30,31,33,35,36,38,40,41,43,46},e=132225648918413790311
48^19=>{1,2,3,4,5,6,7,8,9,10,11,12,13,14,19,20,25,26,28,30,33,34,35,36,41,42,44,47},e=3333107732390948948087
49^19=>{1,2,3,4,5,6,7,8,9,10,11,12,13,14,15,16,18,19,22,25,27,28,30,31,34,35,36,38,41,45,46,47},e=6414513872300098958211
50^19=>{1,2,3,4,5,6,7,8,9,10,11,12,15,16,17,20,22,24,27,30,35,38,39,41,43,44,45,49},e=2160352559975899645
51^19=>{13,14,19,22,23,24,25,28,29,30,31,32,33,34,36,38,40,42,43,45,46,50},e=-352138261525389328978
52^19=>{1,2,3,4,5,6,7,8,9,16,20,24,27,30,31,32,33,34,35,37,38,39,40,41,43,44,45,47,48,50},e=1027246920534953589
53^19=>{15,17,18,19,20,23,24,25,26,27,29,30,31,32,33,34,35,36,38,39,40,41,42,43,47,48,52},e=-90811563819690106147
54^19=>{15,17,19,20,23,27,30,32,36,39,40,41,42,46,50,53},e=-69485675679288756818
55^19=>{1,2,3,4,5,6,7,8,9,11,15,17,18,19,20,21,23,27,28,30,31,33,35,36,38,40,41,44,46,48,50,54},e=2469227300614731509
56^19=>{19,22,26,27,28,29,36,37,38,40,41,42,45,46,47,51,52,54},e=-2313471945768704568
57^19=>{1,2,3,4,5,6,7,8,9,10,11,15,18,19,24,25,26,28,29,31,33,34,35,39,44,45,48,49,50,51,52,55},e=45402477421952663835
58^19=>{11,14,15,17,18,20,22,24,25,26,28,29,30,37,38,40,41,43,45,46,47,48,52,53,54,55},e=-21426333107524696450
59^19=>{1,2,3,4,5,6,7,8,9,10,16,17,18,19,20,21,24,25,29,31,33,34,36,37,40,41,43,45,46,49,50,54,58},e=5096039651672308180
60^19=>{1,2,3,4,5,6,7,8,9,12,13,15,17,18,20,26,28,30,32,34,36,37,39,45,49,50,52,53,54,56,57},e=2149643256012106930
61^19=>{10,16,17,18,23,24,26,27,29,31,34,35,37,38,39,40,42,45,46,47,53,58,59},e=-2278533766496847613
62^19=>{1,2,3,4,5,6,7,8,10,12,13,14,15,17,19,26,27,30,31,32,35,36,38,39,43,44,47,48,51,52,53,57,58,59},e=223752800761937750
63^19=>{11,12,14,15,16,17,19,21,22,23,26,27,28,30,31,34,35,36,37,38,41,43,44,45,47,48,49,53,54,57,62},e=-1121116906880788740
64^19=>{1,2,3,4,5,6,7,8,11,13,14,15,17,19,23,25,30,31,32,33,35,39,40,41,42,46,50,52,53,55,56,57,60,61},e=10037355821315552
65^19=>{1,2,3,4,5,6,7,9,10,11,12,13,14,17,18,20,22,24,26,27,36,37,40,43,46,47,48,51,53,54,56,57,58,59,60,61},e=7807735621772116
66^19=>{1,2,3,4,5,6,7,8,9,11,13,15,18,21,23,25,26,30,31,33,34,37,39,42,43,44,47,50,51,52,53,57,58,59,60,61,62},e=348485016156888132
67^19=>{1,2,3,4,5,6,7,10,14,16,17,19,20,25,26,28,30,31,32,36,39,41,44,49,50,52,53,55,56,58,60,63,64},e=24808020785605907
68^19=>{7,8,11,12,13,15,17,18,19,20,21,22,26,27,30,33,36,37,38,41,44,47,51,52,54,60,64,66},e=-4266142020442955
69^19=>{1,2,3,4,5,6,7,9,14,15,18,19,21,22,23,27,29,30,32,35,36,37,38,40,42,45,47,48,50,51,55,56,57,58,59,61,63,67},e=18611057128451269
70^19=>{1,2,3,4,5,6,7,8,10,12,14,16,17,22,23,24,30,31,33,35,43,44,46,47,51,52,53,56,57,58,61,62,63,64,67},e=3187541145046811
71^19=>{1,2,3,4,5,6,7,10,11,12,13,15,16,19,20,21,22,23,24,27,28,31,32,35,36,39,40,41,47,49,50,53,54,56,58,59,60,61,64,66,68},e=5556460226806063
72^19=>{9,12,13,14,15,19,22,24,28,33,36,37,38,43,45,46,47,48,50,54,55,56,57,59,61,62,65,67,69},e=-2022825182832782
73^19=>{1,2,3,4,5,6,9,11,12,13,15,17,19,20,21,22,25,26,27,28,30,31,32,33,34,36,42,45,47,48,51,52,53,54,55,58,60,61,66,72},e=927927202737363
74^19=>{1,2,3,4,5,6,7,9,14,15,16,17,18,19,22,23,26,27,32,34,36,41,42,43,44,45,48,49,52,53,54,59,60,62,63,65,68,72},e=811144136342016
75^19=>{1,2,3,4,5,6,7,9,10,14,17,18,19,20,22,24,25,26,28,29,32,33,34,35,42,43,44,45,48,49,53,54,57,58,64,65,70,73},e=313857772124379
76^19=>{9,14,16,22,26,27,28,29,32,33,34,35,36,37,40,41,43,44,51,53,54,55,57,58,62,64,67,69,70,73},e=-1290455442492159
77^19=>{12,15,16,17,19,21,23,25,26,27,31,35,38,39,40,42,43,44,45,48,49,50,52,53,54,57,58,59,60,61,62,64,65,66,67,68,70,71,72},e=-2263728845536753
78^19=>{7,10,13,14,18,20,21,24,25,26,28,35,36,38,39,40,43,45,46,50,52,57,59,60,62,64,67,68,71,73,74},e=-27167499907411
79^19=>{1,2,3,4,5,6,7,8,9,10,11,14,18,19,20,23,24,26,27,31,32,33,34,35,40,41,43,45,48,49,50,51,52,53,54,55,57,60,61,65,67,69,73,77},e=89196860391613
80^19=>{7,10,11,14,16,17,19,24,25,30,31,34,35,36,37,38,39,41,42,45,47,48,50,51,54,55,56,58,61,64,67,70,76,77},e=-133783400496609
81^19=>{1,2,3,4,5,9,11,13,15,20,21,23,25,27,28,31,32,33,38,41,44,45,46,51,52,53,55,57,60,61,63,66,69,72,73,74,78},e=134414603699064
82^19=>{7,11,14,17,18,21,22,23,26,28,29,30,35,37,39,40,43,45,46,47,48,49,53,58,59,61,62,65,66,67,68,70,71,77,79},e=-434953407063
83^19=>{7,8,9,10,12,13,14,15,16,18,19,20,21,26,28,29,31,32,38,40,41,46,47,51,54,58,59,60,64,66,67,71,73,76,77,79},e=-35424352646602
84^19=>{1,2,3,4,5,6,9,11,12,13,17,21,22,23,28,29,31,33,34,44,45,46,48,49,50,51,53,55,58,59,61,62,64,65,68,71,72,73,83},e=8499307930963
85^19=>{6,8,9,11,13,14,16,17,18,19,23,25,26,28,31,34,35,37,40,41,43,45,47,51,52,54,55,56,58,59,60,62,63,67,70,72,78,80,81},e=-9113723482087
86^19=>{6,7,8,9,12,14,17,19,21,23,26,28,29,30,31,32,33,40,43,44,46,48,51,55,56,57,58,59,60,62,64,65,66,69,70,72,73,75,76,77,80,81},e=-19225689061446
87^19=>{7,8,16,17,18,21,22,27,31,36,38,41,42,44,46,47,50,53,54,55,56,57,58,59,60,62,63,65,67,68,70,71,72,74,75,86},e=-832679800061
88^19=>{5,6,7,8,11,12,15,16,18,20,22,24,27,28,29,30,31,32,39,40,42,43,44,45,47,48,50,51,52,58,59,63,64,67,70,71,73,75,79,80,82,83},e=-2840176228720
89^19=>{7,8,10,11,12,13,16,19,21,23,24,27,30,31,33,34,35,36,39,40,42,43,45,47,49,52,53,55,56,57,58,59,61,66,68,69,70,72,73,74,81,82,86},e=-158145742558
90^19=>{5,9,12,14,15,17,18,21,22,23,24,25,26,27,28,30,32,33,35,37,38,41,44,45,47,49,50,51,52,53,54,55,56,59,60,61,63,65,66,68,70,71,72,74,76,78,82,88},e=-309210270971
91^19=>{1,2,3,5,9,10,11,22,23,25,27,28,34,37,38,39,42,43,44,46,48,49,50,51,56,57,58,59,62,63,66,70,72,73,75,77,80,81,82,84,86},e=62144286507
92^19=>{1,2,3,4,5,9,10,13,16,18,19,20,21,23,25,28,29,30,34,35,36,38,40,41,43,44,46,48,51,54,55,57,59,61,63,64,68,69,70,71,74,79,82,83,85,88},e=52846339208
93^19=>{1,2,3,4,6,7,8,9,13,14,15,16,19,22,23,27,28,30,31,32,35,37,38,39,41,42,43,44,45,47,49,51,55,56,57,58,60,61,62,63,68,72,74,77,81,83,84,85,89},e=105514722955
