3^19=>{1,2},e=1161737178
4^19=>{1,2,3},e=273715121188
5^19=>{1,2,3,4},e=18797445635425
6^19=>{1,2,3,4,5},e=590010212989671
7^19=>{1,2,3,4,5,6},e=10770185918341822
8^19=>{1,2,3,4,5,6,7},e=132087583623451408
9^19=>{1,2,3,4,5,6,7,8},e=1194708925144731753
10^19=>{1,2,3,4,5,6,7,8,9},e=8493005489798747575
11^19=>{1,2,3,4,5,6,7,8,9,10},e=49652095938213293866
12^19=>{1,2,3,4,5,6,7,8,9,10,11},e=246813914412007128132
13^19=>{1,2,3,4,5,6,7,8,9,10,11,12},e=1069774206046207385113
14^19=>{1,2,3,4,5,6,7,8,9,10,11,12,13},e=4122237584244229560943
15^19=>{1,2,3,4,5,6,7,8,9,10,11,12,13,14},e=14338007866877406625950
16^19=>{1,2,3,4,5,6,7,8,9,10,11,12,13,14,15},e=45559115191729718326336
17^19=>{1,2,3,4,5,6,7,8,9,10,11,12,13,14,15,16},e=133515823425052396335217
18^19=>{1,2,3,4,5,6,7,8,9,10,11,12,13,14,15,16,17},e=363606297410087422998543
19^19=>{1,2,3,4,5,6,7,8,9,10,11,12,13,14,15,16,17,18},e=925555262359725659407258
20^19=>{1,2,3,4,5,6,7,8,9,10,11,12,13,14,15,16,17,18,19},e=2211595951039098481159300
21^19=>{1,2,3,4,5,6,7,8,9,10,11,12,13,14,15,16,17,18,19,20},e=4974332591370124606740081
22^19=>{1,2,3,4,5,6,7,8,9,10,11,12,13,14,15,16,17,18,19,20,21},e=10542316523726438001394327
23^19=>{1,2,3,4,5,6,7,8,9,10,11,12,13,14,15,16,17,18,19,20,21,22},e=21027833025280417271671198
24^19=>{1,2,3,4,5,6,7,8,9,10,11,12,13,14,15,16,17,18,19,20,21,22,23},e=39296421080124149219138448
25^19=>{1,2,3,4,5,6,7,8,9,10,11,12,13,14,15,16,17,18,19,20,21,22,23,24},e=68095241969245138242585625
26^19=>{1,2,3,4,5,6,7,8,9,10,11,12,13,14,15,16,17,18,19,20,21,22,23,24,25},e=106966745751264438385177351
27^19=>{1,2,3,4,5,6,7,8,9,10,11,12,13,14,15,16,17,18,19,20,21,22,23,24,25,26},e=144075114432622269076465962
28^19=>{1,2,3,4,5,6,7,8,9,10,11,12,13,14,15,16,17,18,19,20,21,22,23,24,25,26,27},e=137293766297867477266201828
29^19=>{22,23,24,25,26,27,28},e=-4531226481665968452137006
30^19=>{20,21,22,26,27,28,29},e=-1017544755192814936208789
31^19=>{21,22,26,28,29,30},e=-298885702715008581396755
32^19=>{20,21,22,24,29,30,31},e=-512763191593432363832785
33^19=>{22,24,25,28,29,31,32},e=-1817376594201330101954060
34^19=>{28,30,32,33},e=-110045401624937823095696993
35^19=>{24,28,29,30,33,34},e=-35671768041490784841612971
36^19=>{17,18,20,21,26,29,31,34,35},e=-17304963989716229068605
37^19=>{17,18,19,22,24,25,26,27,30,31,35,36},e=-48398283437714276462949
38^19=>{16,17,18,20,23,24,25,27,29,31,32,34,35,37},e=-13448414976676998595488
39^19=>{21,22,23,25,27,33,35,36,38},e=-651227138495194445955845
40^19=>{17,18,23,24,25,26,27,29,30,31,32,34,35,37,39},e=-13261418081042676884439
41^19=>{13,17,18,19,20,21,23,24,27,29,30,35,36,38,40},e=-800142153722413961647
42^19=>{18,20,21,22,23,24,28,29,31,33,34,37,39,41},e=-246274686951311785153990
43^19=>{20,21,22,25,29,30,32,34,36,37,38,39,42},e=-172966405584994948592636
44^19=>{23,27,28,29,32,33,34,35,38,39,40,43},e=-585940272563309209267029
45^19=>{15,19,20,23,25,26,27,29,30,33,35,39,42,44},e=-1153138408039480564112
46^19=>{18,20,22,26,27,29,33,34,35,36,39,43,45},e=-126733048397346143554435
47^19=>{13,15,17,22,26,28,29,30,31,33,35,36,38,40,41,43,46},e=-937548557127793594802
48^19=>{16,17,19,21,23,24,25,26,27,31,33,34,35,40,45,47},e=-5844001059073876998427
49^19=>{18,19,20,22,24,25,26,27,33,34,35,37,39,40,43,45,48},e=-21030841906051672458270
50^19=>{17,18,19,23,24,25,28,33,35,36,40,42,43,44,45,46,48},e=-450772174510820931312
51^19=>{13,14,19,22,23,24,25,28,29,30,31,32,33,34,36,38,40,42,43,45,46,50},e=-352138261525389328978
52^19=>{10,16,20,24,27,30,31,32,33,34,35,37,38,39,40,41,43,44,45,47,48,50},e=-7465758569263793986
53^19=>{15,17,18,19,20,23,24,25,26,27,29,30,31,32,33,34,35,36,38,39,40,41,42,43,47,48,52},e=-90811563819690106147
54^19=>{15,17,19,20,23,27,30,32,36,39,40,41,42,46,50,53},e=-69485675679288756818
55^19=>{10,11,15,17,18,19,20,21,23,27,28,30,31,33,35,36,38,40,41,44,46,48,50,54},e=-6023778189184016066
56^19=>{11,12,13,15,19,21,23,25,26,28,29,30,32,33,34,35,36,40,42,43,44,47,49,50,52,54},e=-5901741597707303827
57^19=>{12,14,15,17,18,19,20,21,23,25,27,28,32,35,36,37,41,42,43,44,45,47,49,52,56},e=-48020486574265380699
58^19=>{12,13,15,16,17,20,23,25,28,29,30,32,34,37,43,45,46,47,49,50,51,54,56},e=-22955093631491968506
59^19=>{11,16,17,18,19,20,21,24,25,29,31,33,34,36,37,40,41,43,45,46,49,50,54,58},e=-44556056286540985686
60^19=>{13,15,18,19,22,23,25,26,29,31,35,37,42,43,44,45,47,49,50,52,54,59},e=-6639404008631041414
61^19=>{10,16,17,18,23,24,26,27,29,31,34,35,37,38,39,40,42,45,46,47,53,58,59},e=-2278533766496847613
62^19=>{11,15,18,19,20,21,23,24,27,29,30,31,35,37,40,42,43,44,46,49,50,52,53,56,61},e=-14940911654325054358
63^19=>{11,12,14,15,16,17,19,21,22,23,26,27,28,30,31,34,35,36,37,38,41,43,44,45,47,48,49,53,54,57,62},e=-1121116906880788740
64^19=>{8,9,10,17,22,23,26,30,33,35,37,39,40,41,45,46,47,49,51,52,59,63},e=-13176954277709884
65^19=>{8,9,10,11,12,13,14,17,18,20,22,24,26,27,36,37,40,43,46,47,48,51,53,54,56,57,58,59,60,61},e=-124279848001679292
66^19=>{11,12,13,14,15,16,17,18,20,22,23,26,31,33,36,37,39,40,41,43,46,47,48,50,52,53,54,55,56,57,58,62,63},e=-5026124408688592826
67^19=>{12,13,16,17,18,19,21,22,25,26,27,28,31,32,33,34,35,36,38,40,41,42,43,45,50,52,54,56,58,63,65},e=-2776027501426068683
68^19=>{9,10,13,14,16,17,20,22,24,25,28,31,33,37,39,41,42,46,47,49,53,56,57,62,67},e=-139354008425361190
69^19=>{10,13,14,15,16,17,18,19,21,22,27,28,33,34,35,36,37,38,39,40,43,45,46,48,50,51,52,53,58,59,65,67},e=-737897012769290082
70^19=>{11,12,13,15,17,18,20,22,25,26,27,29,31,34,35,36,37,38,39,40,41,45,46,49,51,59,60,66,68},e=-66596913687911476
71^19=>{9,10,15,20,22,23,27,28,29,31,33,34,35,37,38,39,40,44,45,46,47,52,53,59,61,62,66,69},e=-281419732273025509
72^19=>{9,12,15,16,17,21,23,24,26,27,32,33,36,38,42,43,44,46,47,50,51,52,54,55,62,65,68,69},e=-140049658558110627
73^19=>{7,9,11,12,13,15,17,19,20,21,22,25,26,27,28,30,31,32,33,34,36,42,45,47,48,51,52,53,54,55,58,60,61,66,72},e=-9842258715604459
74^19=>{9,11,13,16,17,18,19,20,22,24,25,26,30,31,34,36,37,39,40,41,46,49,50,53,54,58,61,62,63,66,67,69,70},e=-70297698537674732
75^19=>{7,8,11,15,16,18,20,21,22,23,25,26,29,32,33,34,37,41,43,45,46,47,48,49,52,53,54,55,56,57,58,59,62,63,65,66,67,68,69,70},e=-6212048706726239
76^19=>{8,9,10,12,13,14,15,19,21,22,25,29,30,33,35,37,39,40,41,42,44,47,48,49,50,51,52,54,62,64,66,67,75},e=-17035785342473701
77^19=>{12,15,16,17,19,21,23,25,26,27,31,35,38,39,40,42,43,44,45,48,49,50,52,53,54,57,58,59,60,61,62,64,65,66,67,68,70,71,72},e=-2263728845536753
78^19=>{6,8,13,16,18,19,20,21,22,23,24,25,29,31,32,33,34,35,36,37,42,43,44,45,46,48,49,50,51,52,55,57,58,59,60,61,63,64,65,67,74,75},e=-69824595573636
79^19=>{6,7,9,12,15,17,19,20,21,22,24,25,27,29,30,31,32,35,39,42,45,47,48,49,51,52,53,54,55,57,58,60,61,63,64,65,66,67,70,71,77},e=-495107072231204
80^19=>{7,8,10,11,13,15,21,22,26,28,29,31,33,35,38,40,41,43,45,51,55,56,62,63,68,69,70,72,73,77},e=-2215438152645688
81^19=>{8,9,12,13,16,18,19,23,24,26,27,29,32,37,38,39,43,45,48,49,51,52,53,54,56,57,59,60,63,70,76,79},e=-20770503481449526
82^19=>{9,12,14,15,16,19,23,27,29,30,31,35,37,42,44,47,48,49,50,51,52,53,54,56,58,59,60,61,62,63,64,65,66,68,70,71,72,74,75,78},e=-304759713053187
83^19=>{6,9,10,12,13,14,15,16,19,21,24,25,26,28,29,30,32,33,35,36,39,42,43,45,46,47,50,51,52,53,55,60,61,62,71,77,78,79},e=-299108493042593
84^19=>{10,13,16,19,21,22,23,30,31,32,33,34,36,38,39,41,44,45,47,49,50,51,52,53,54,57,59,60,63,67,70,74,76,79,80},e=-107266344984134
85^19=>{8,10,11,12,13,14,15,17,19,21,23,25,26,27,28,32,35,38,41,43,44,48,50,51,58,61,66,67,68,72,76,77,79,81},e=-999793987316429
86^19=>{10,15,20,21,22,24,28,29,33,34,36,37,38,40,41,43,44,46,47,49,50,51,56,61,64,69,71,72,78,80,83},e=-519522192820474
87^19=>{6,9,11,13,16,18,19,20,21,25,28,29,32,33,35,36,40,41,43,44,46,47,48,49,52,53,55,56,57,59,61,63,67,72,75,77,79,85},e=-202695457034091
88^19=>{6,9,10,14,15,16,18,19,25,26,28,32,33,34,35,40,42,43,44,45,46,47,49,50,55,59,60,69,70,71,77,78,82,85},e=-60819851369760
89^19=>{6,9,10,12,13,14,15,16,18,19,20,21,24,27,29,31,33,35,36,37,40,41,44,45,46,47,48,49,52,55,56,59,61,63,64,71,74,76,78,80,81,86},e=-131728143508976
90^19=>{5,11,13,18,19,21,25,26,27,29,34,35,36,38,39,41,42,46,47,50,53,56,57,61,65,68,71,73,76,84,88},e=-12938354562676
91^19=>{7,9,12,14,15,17,18,19,20,21,23,24,25,27,29,30,31,33,34,35,37,40,42,43,44,47,48,49,50,51,53,55,56,60,63,64,66,67,69,70,73,74,76,77,86,88},e=-31656747526540
92^19=>{7,15,17,21,22,23,24,29,30,35,36,37,38,40,42,44,46,47,50,51,57,60,64,65,74,78,81,83,86,88},e=-32780880643304
93^19=>{5,7,10,11,12,14,15,16,18,19,20,23,24,26,28,30,32,33,36,37,39,40,42,43,44,46,49,50,51,52,54,56,57,59,61,62,63,64,65,66,68,69,70,73,77,78,80,82,86,90},e=-396203214851
94^19=>{6,9,13,15,18,19,25,27,28,31,34,35,38,39,42,47,49,51,52,53,56,59,61,63,66,67,68,73,74,76,77,79,80,83,84,88,89},e=-18557204000176
