2^20=>{1},e=1048575
3^20=>{2,1},e=3485735824
4^20=>{3,2,1},e=1096023794798
5^20=>{4,3,2,1},e=94264432179871
6^20=>{5,4,3,2,1},e=3559688008961597
7^20=>{6,5,4,3,2,1},e=76039637426447646
8^20=>{7,6,5,4,3,2,1},e=1069376609438070620
9^20=>{8,7,6,5,4,3,2,1},e=10921199059281305469
10^20=>{9,8,7,6,5,4,3,2,1},e=86605868141167447867
11^20=>{10,9,8,7,6,5,4,3,2,1},e=559355863073727457068
12^20=>{11,10,9,8,7,6,5,4,3,2,1},e=3047615865656082560842
13^20=>{12,11,10,9,8,7,6,5,4,3,2,1},e=14385059655641931755291
14^20=>{13,12,11,10,9,8,7,6,5,4,3,2,1},e=60043387531165134438265
15^20=>{14,13,12,11,10,9,8,7,6,5,4,3,2,1},e=225232549688560619207738
16^20=>{15,14,13,12,11,10,9,8,7,6,5,4,3,2,1},e=769107023287259618132664
17^20=>{16,15,14,13,12,11,10,9,8,7,6,5,4,3,2,1},e=2415486790705573791121913
18^20=>{17,16,15,14,13,12,11,10,9,8,7,6,5,4,3,2,1},e=7035260193806506920756087
19^20=>{18,17,16,15,14,13,12,11,10,9,8,7,6,5,4,3,2,1},e=19128761218560308765236936
20^20=>{19,18,17,16,15,14,13,12,11,10,9,8,7,6,5,4,3,2,1},e=48806414303468392378525734
21^20=>{20,19,18,17,16,15,14,13,12,11,10,9,8,7,6,5,4,3,2,1},e=117309643750419941015722135
22^20=>{21,20,19,18,17,16,15,14,13,12,11,10,9,8,7,6,5,4,3,2,1},e=266302283542920887949277109
23^20=>{22,21,20,19,18,17,16,15,14,13,12,11,10,9,8,7,6,5,4,3,2,1},e=571599117504699142457276758
24^20=>{23,22,21,20,19,18,17,16,15,14,13,12,11,10,9,8,7,6,5,4,3,2,1},e=1159276172676130130320307732
25^20=>{24,23,22,21,20,19,18,17,16,15,14,13,12,11,10,9,8,7,6,5,4,3,2,1},e=2214245754724205162049055605
26^20=>{25,24,23,22,21,20,19,18,17,16,15,14,13,12,11,10,9,8,7,6,5,4,3,2,1},e=3952500614475049556088471731
27^20=>{26,25,24,23,22,21,20,19,18,17,16,15,14,13,12,11,10,9,8,7,6,5,4,3,2,1},e=6487361099272434765702510180
28^20=>{27,26,25,24,23,22,21,20,19,18,17,16,15,14,13,12,11,10,9,8,7,6,5,4,3,2,1},e=9437569149663463818296183554
