3^20=>{1,2},e=3485735824
4^20=>{1,2,3},e=1096023794798
5^20=>{1,2,3,4},e=94264432179871
6^20=>{1,2,3,4,5},e=3559688008961597
7^20=>{1,2,3,4,5,6},e=76039637426447646
8^20=>{1,2,3,4,5,6,7},e=1069376609438070620
9^20=>{1,2,3,4,5,6,7,8},e=10921199059281305469
10^20=>{1,2,3,4,5,6,7,8,9},e=86605868141167447867
11^20=>{1,2,3,4,5,6,7,8,9,10},e=559355863073727457068
12^20=>{1,2,3,4,5,6,7,8,9,10,11},e=3047615865656082560842
13^20=>{1,2,3,4,5,6,7,8,9,10,11,12},e=14385059655641931755291
14^20=>{1,2,3,4,5,6,7,8,9,10,11,12,13},e=60043387531165134438265
15^20=>{1,2,3,4,5,6,7,8,9,10,11,12,13,14},e=225232549688560619207738
16^20=>{1,2,3,4,5,6,7,8,9,10,11,12,13,14,15},e=769107023287259618132664
17^20=>{1,2,3,4,5,6,7,8,9,10,11,12,13,14,15,16},e=2415486790705573791121913
18^20=>{1,2,3,4,5,6,7,8,9,10,11,12,13,14,15,16,17},e=7035260193806506920756087
19^20=>{1,2,3,4,5,6,7,8,9,10,11,12,13,14,15,16,17,18},e=19128761218560308765236936
20^20=>{1,2,3,4,5,6,7,8,9,10,11,12,13,14,15,16,17,18,19},e=48806414303468392378525734
21^20=>{1,2,3,4,5,6,7,8,9,10,11,12,13,14,15,16,17,18,19,20},e=117309643750419941015722135
22^20=>{1,2,3,4,5,6,7,8,9,10,11,12,13,14,15,16,17,18,19,20,21},e=266302283542920887949277109
23^20=>{1,2,3,4,5,6,7,8,9,10,11,12,13,14,15,16,17,18,19,20,21,22},e=571599117504699142457276758
24^20=>{1,2,3,4,5,6,7,8,9,10,11,12,13,14,15,16,17,18,19,20,21,22,23},e=1159276172676130130320307732
25^20=>{1,2,3,4,5,6,7,8,9,10,11,12,13,14,15,16,17,18,19,20,21,22,23,24},e=2214245754724205162049055605
26^20=>{1,2,3,4,5,6,7,8,9,10,11,12,13,14,15,16,17,18,19,20,21,22,23,24,25},e=3952500614475049556088471731
27^20=>{1,2,3,4,5,6,7,8,9,10,11,12,13,14,15,16,17,18,19,20,21,22,23,24,25,26},e=6487361099272434765702510180
28^20=>{1,2,3,4,5,6,7,8,9,10,11,12,13,14,15,16,17,18,19,20,21,22,23,24,25,26,27},e=9437569149663463818296183554
29^20=>{1,2,3,4,5,6,7,8,9,10,11,12,13,14,15,16,17,18,19,20,21,22,23,24,25,26,27,28},e=10967096099126344853717744403
30^20=>{1,2,3,4,5,6,7,8,9,10,11,12,13,14,15,16,17,18,19,20,21,22,23,24,25,26,27,28,29},e=5656383896906838458144463601
31^20=>{1,2,3,4,5,6,7,8,9,10,11,12,13,14,15,16,17,18,19,20,21,22,23,24,25,27,28,29,30},e=18181411198529646627262578
32^20=>{1,2,3,4,5,6,7,8,9,10,11,12,13,14,15,16,17,18,19,20,21,22,23,24,26,27,29,30,31},e=987046724606676379037997777
33^20=>{18,20,21,23,24,25,27,30,31,32},e=-3455151416419991273707556
34^20=>{16,20,23,24,25,26,28,29,30,32,33},e=-124714890368781654499732
35^20=>{1,2,3,4,5,6,7,8,9,10,11,12,13,14,15,16,17,18,19,20,21,22,23,26,27,28,29,31,33,34},e=496152740888717193737770849
36^20=>{1,2,3,4,5,6,7,8,9,10,11,12,13,14,15,16,17,18,20,25,27,29,32,34,35},e=925314266869304582877507
37^20=>{25,26,29,31,32,35,36},e=-53174881994036461834365779
38^20=>{1,2,3,4,5,6,7,8,9,10,11,12,13,14,15,16,17,18,19,20,21,22,23,24,27,28,31,32,33,34,35,37},e=41627223572672149001187999
39^20=>{15,16,17,18,21,22,23,24,26,28,32,33,37,38},e=-51280788013284544030437
40^20=>{27,28,29,30,32,33,38,39},e=-173949903215857545353709732
41^20=>{1,2,3,4,5,6,7,8,9,10,11,12,13,14,15,16,17,18,19,20,22,25,26,27,28,29,32,33,39,40},e=16465440102676857215019202
42^20=>{18,19,20,21,23,29,30,31,35,36,37,39,41},e=-1134712308433587950663609
43^20=>{1,2,3,4,5,6,7,8,9,10,11,12,13,14,15,16,17,18,19,20,21,22,23,27,31,34,35,36,38,40,42},e=117164283396119474201609026
44^20=>{18,21,23,25,26,28,29,31,34,35,36,39,41,43},e=-1350918113739266435521161
45^20=>{1,2,3,4,5,6,7,8,9,10,11,12,13,14,15,16,18,19,22,23,25,28,29,30,33,35,36,38,39,40,41,44},e=298850077602980648414225
46^20=>{1,2,3,4,5,6,7,8,9,10,11,12,13,15,16,19,21,22,23,24,26,27,28,30,31,34,36,38,40,41,42,45},e=4770407670604158175025
47^20=>{1,2,3,4,5,6,7,8,9,10,11,12,13,14,15,16,17,18,19,20,22,23,24,25,28,30,32,34,36,37,39,42,43,44,45},e=774810438513854933014673
48^20=>{18,19,22,24,25,26,28,29,31,34,35,36,38,39,40,43,44,47},e=-7342683715113053679464
49^20=>{1,2,3,4,5,6,7,8,9,10,11,12,13,14,15,17,20,23,24,25,27,28,31,32,35,37,38,41,44,45,48},e=121774607481633164227152
50^20=>{16,19,21,22,23,24,28,29,31,33,34,39,40,41,42,44,45,47,48},e=-51179080639052322341642
51^20=>{13,14,16,17,20,21,24,25,27,29,31,40,41,42,43,44,46,48,49},e=-4529645604067722733865
52^20=>{16,17,21,22,23,24,26,27,28,29,33,35,36,38,41,43,46,48,51},e=-49997131318978959336842
53^20=>{18,19,20,22,25,27,29,30,33,35,36,37,38,39,50,52},e=-39489698542425227460135
54^20=>{1,2,3,4,5,6,7,8,9,10,11,12,13,18,20,22,26,27,30,31,32,35,36,37,39,48,50,53},e=9777155178317733942579
55^20=>{14,16,18,24,26,27,28,29,30,31,32,33,34,35,39,40,41,47,50,52,53},e=-28022105065053680700392
56^20=>{1,2,3,4,5,6,7,8,9,10,11,14,15,18,19,20,24,27,28,30,32,33,34,35,36,37,38,40,45,47,50,51,55},e=39593009275576232128
57^20=>{13,14,15,17,19,25,29,31,33,42,43,45,49,51,54,55},e=-485798609728980795436
58^20=>{1,2,3,4,5,6,7,8,9,10,11,12,13,15,18,20,21,22,23,24,26,27,28,29,30,31,33,35,36,37,39,41,42,43,47,48,49,50,53,57},e=2368154480933367557593
59^20=>{9,11,12,13,15,16,17,22,23,24,26,27,29,31,32,35,37,38,40,42,44,46,47,48,51,52,53,58},e=-1487247752150285149
60^20=>{1,2,3,4,5,6,7,8,9,10,11,12,13,14,15,16,18,19,21,23,25,30,31,35,36,37,41,43,44,47,51,53,57,58},e=13874467108180469947
61^20=>{12,13,14,15,17,21,22,24,25,27,28,29,32,33,37,38,40,42,43,45,46,50,51,52,53,55,60},e=-678699041525256721069
62^20=>{1,2,3,4,5,6,7,8,9,10,11,13,15,17,18,20,21,22,23,24,26,27,32,33,37,39,43,44,45,46,47,48,49,51,53,55,57,58,59},e=647186295898949092968
63^20=>{11,12,15,18,21,22,26,27,33,36,38,41,42,43,44,45,46,48,50,53,54,55,58,59,60},e=-46693556722323903994
64^20=>{1,2,3,4,5,6,7,8,9,10,11,12,13,16,18,19,21,22,23,24,25,28,29,30,33,34,36,38,40,41,43,49,50,51,52,55,61,62},e=165006250744603165645
65^20=>{12,19,20,21,22,23,25,28,29,30,31,33,35,38,41,42,43,45,47,48,49,52,58,59,64},e=-9819836993937131645
66^20=>{9,10,12,13,14,16,18,19,21,26,27,28,29,32,37,38,39,42,44,45,47,50,53,55,57,58,62,64},e=-517018387443029773
67^20=>{1,2,3,4,5,6,7,8,9,11,12,15,16,17,19,21,23,24,26,27,30,32,33,34,35,38,39,40,47,49,52,56,57,59,61,63,64},e=637041269300096044
68^20=>{1,2,3,4,5,6,7,8,9,13,14,15,19,20,22,23,25,26,27,32,34,36,40,41,42,43,44,45,47,48,50,52,55,56,65,66},e=1440670663978091999
69^20=>{1,2,3,4,5,6,7,8,10,11,16,19,21,23,24,25,26,28,29,30,31,32,34,35,38,40,41,42,44,46,47,49,52,53,57,58,59,60,62,65,66},e=2929761408195077518
70^20=>{1,2,3,4,5,6,7,8,10,11,12,13,14,15,16,18,19,20,21,22,23,25,27,29,30,39,40,41,45,46,51,53,54,55,60,62,63,66,67},e=3953159713946322571
71^20=>{1,2,3,4,5,6,7,9,12,15,16,18,19,20,22,23,25,26,27,30,36,39,42,43,45,46,48,50,51,58,59,62,63,66,69},e=282755257573646848
72^20=>{1,2,3,4,5,6,7,10,12,13,14,15,17,19,20,21,22,25,28,29,30,31,34,37,40,45,47,48,49,50,51,55,56,57,58,60,61,64,67,70},e=86650658886344923
73^20=>{9,10,11,13,15,19,21,22,23,24,25,26,27,28,29,31,33,34,35,39,40,42,43,45,48,50,51,52,55,56,58,59,60,62,63,65,69,70},e=-54420397393412501
74^20=>{10,11,12,15,17,22,23,25,26,27,28,29,30,33,34,36,37,38,42,43,45,46,47,57,59,62,64,65,69,72},e=-215241222041683248
75^20=>{9,10,11,13,14,15,17,21,22,23,24,25,26,29,31,34,35,37,39,40,41,42,43,45,47,48,51,54,55,56,66,68,69,70,71},e=-113411543700518852
76^20=>{1,2,3,4,5,6,7,9,11,12,13,14,15,16,17,18,19,20,22,23,24,28,29,30,32,34,35,39,40,41,42,44,46,47,48,49,51,53,56,61,66,69,70,74},e=144572103055390939
77^20=>{13,18,19,20,22,24,28,30,31,32,33,34,35,36,38,40,42,43,44,46,47,49,52,53,55,56,59,60,63,64,65,66,67,68,69,72,73},e=-177897819737242879
78^20=>{1,2,3,4,5,6,7,9,11,13,15,18,21,22,23,24,25,26,33,35,36,37,38,43,44,50,53,54,56,58,59,60,61,62,64,67,68,70,73,75},e=15675663711183419
