3^20=>{1,2},e=3485735824
4^20=>{1,2,3},e=1096023794798
5^20=>{1,2,3,4},e=94264432179871
6^20=>{1,2,3,4,5},e=3559688008961597
7^20=>{1,2,3,4,5,6},e=76039637426447646
8^20=>{1,2,3,4,5,6,7},e=1069376609438070620
9^20=>{1,2,3,4,5,6,7,8},e=10921199059281305469
10^20=>{1,2,3,4,5,6,7,8,9},e=86605868141167447867
11^20=>{1,2,3,4,5,6,7,8,9,10},e=559355863073727457068
12^20=>{1,2,3,4,5,6,7,8,9,10,11},e=3047615865656082560842
13^20=>{1,2,3,4,5,6,7,8,9,10,11,12},e=14385059655641931755291
14^20=>{1,2,3,4,5,6,7,8,9,10,11,12,13},e=60043387531165134438265
15^20=>{1,2,3,4,5,6,7,8,9,10,11,12,13,14},e=225232549688560619207738
16^20=>{1,2,3,4,5,6,7,8,9,10,11,12,13,14,15},e=769107023287259618132664
17^20=>{1,2,3,4,5,6,7,8,9,10,11,12,13,14,15,16},e=2415486790705573791121913
18^20=>{1,2,3,4,5,6,7,8,9,10,11,12,13,14,15,16,17},e=7035260193806506920756087
19^20=>{1,2,3,4,5,6,7,8,9,10,11,12,13,14,15,16,17,18},e=19128761218560308765236936
20^20=>{1,2,3,4,5,6,7,8,9,10,11,12,13,14,15,16,17,18,19},e=48806414303468392378525734
21^20=>{1,2,3,4,5,6,7,8,9,10,11,12,13,14,15,16,17,18,19,20},e=117309643750419941015722135
22^20=>{1,2,3,4,5,6,7,8,9,10,11,12,13,14,15,16,17,18,19,20,21},e=266302283542920887949277109
23^20=>{1,2,3,4,5,6,7,8,9,10,11,12,13,14,15,16,17,18,19,20,21,22},e=571599117504699142457276758
24^20=>{1,2,3,4,5,6,7,8,9,10,11,12,13,14,15,16,17,18,19,20,21,22,23},e=1159276172676130130320307732
25^20=>{1,2,3,4,5,6,7,8,9,10,11,12,13,14,15,16,17,18,19,20,21,22,23,24},e=2214245754724205162049055605
26^20=>{1,2,3,4,5,6,7,8,9,10,11,12,13,14,15,16,17,18,19,20,21,22,23,24,25},e=3952500614475049556088471731
27^20=>{1,2,3,4,5,6,7,8,9,10,11,12,13,14,15,16,17,18,19,20,21,22,23,24,25,26},e=6487361099272434765702510180
28^20=>{1,2,3,4,5,6,7,8,9,10,11,12,13,14,15,16,17,18,19,20,21,22,23,24,25,26,27},e=9437569149663463818296183554
29^20=>{1,2,3,4,5,6,7,8,9,10,11,12,13,14,15,16,17,18,19,20,21,22,23,24,25,26,27,28},e=10967096099126344853717744403
30^20=>{1,2,3,4,5,6,7,8,9,10,11,12,13,14,15,16,17,18,19,20,21,22,23,24,25,26,27,28,29},e=5656383896906838458144463601
31^20=>{26,27,28,29,30},e=-3934319203276519909461209153
32^20=>{25,26,27,29,30,31},e=-1227199030117528783011057828
33^20=>{18,20,21,23,24,25,27,30,31,32},e=-3455151416419991273707556
34^20=>{16,20,23,24,25,26,28,29,30,32,33},e=-124714890368781654499732
35^20=>{24,26,27,28,29,31,33,34},e=-663123431787412936582536883
36^20=>{19,20,25,27,29,32,34,35},e=-18203446951691004182359429
37^20=>{25,26,29,31,32,35,36},e=-53174881994036461834365779
38^20=>{24,25,27,29,30,33,36,37},e=-947495650757265812462648405
39^20=>{15,16,17,18,21,22,23,24,26,28,32,33,37,38},e=-51280788013284544030437
40^20=>{27,28,29,30,32,33,38,39},e=-173949903215857545353709732
41^20=>{21,22,25,26,27,28,29,32,33,39,40},e=-100844203647743083800702933
42^20=>{18,19,20,21,23,29,30,31,35,36,37,39,41},e=-1134712308433587950663609
43^20=>{25,27,28,30,33,37,38,40,42},e=-221808947070217035568979155
44^20=>{18,21,23,25,26,28,29,31,34,35,36,39,41,43},e=-1350918113739266435521161
45^20=>{17,18,20,21,22,28,32,35,36,38,39,42,44},e=-2037462816561448972864211
46^20=>{14,15,16,19,21,22,23,24,26,27,28,30,31,34,36,38,40,41,42,45},e=-55272979860560976263240
47^20=>{19,22,23,29,30,33,34,35,36,37,39,40,44,46},e=-4657386757787475826238310
48^20=>{18,19,22,24,25,26,28,29,31,34,35,36,38,39,40,43,44,47},e=-7342683715113053679464
49^20=>{16,17,20,23,24,25,27,28,31,32,35,37,38,41,44,45,48},e=-647332415805626453905512
50^20=>{16,19,21,22,23,24,28,29,31,33,34,39,40,41,42,44,45,47,48},e=-51179080639052322341642
51^20=>{13,14,16,17,20,21,24,25,27,29,31,40,41,42,43,44,46,48,49},e=-4529645604067722733865
52^20=>{16,17,21,22,23,24,26,27,28,29,33,35,36,38,41,43,46,48,51},e=-49997131318978959336842
53^20=>{18,19,20,22,25,27,29,30,33,35,36,37,38,39,50,52},e=-39489698542425227460135
54^20=>{14,18,20,22,26,27,30,31,32,35,36,37,39,48,50,53},e=-50266232352847400495686
55^20=>{14,16,18,24,26,27,28,29,30,31,32,33,34,35,39,40,41,47,50,52,53},e=-28022105065053680700392
56^20=>{12,13,17,21,24,26,29,32,33,34,36,37,40,43,44,47,50,51,55},e=-726052443072170691690
57^20=>{13,14,15,17,19,25,29,31,33,42,43,45,49,51,54,55},e=-485798609728980795436
58^20=>{15,16,22,24,28,34,37,38,39,41,44,47,48,49,50,53,57},e=-3166530954086758376264
59^20=>{9,11,12,13,15,16,17,22,23,24,26,27,29,31,32,35,37,38,40,42,44,46,47,48,51,52,53,58},e=-1487247752150285149
60^20=>{12,16,17,23,24,25,28,33,34,35,36,37,39,41,42,43,44,45,46,47,49,51,52,57,58},e=-763741784674517121022
61^20=>{12,13,14,15,16,19,23,24,26,29,31,32,34,35,37,38,40,42,44,45,46,49,52,53,58,59},e=-2144078555862279246971
62^20=>{12,13,15,17,18,20,21,22,23,24,26,27,32,33,37,39,43,44,45,46,47,48,49,51,53,55,57,58,59},e=-2400429569757133467874
63^20=>{13,14,15,16,17,18,19,21,22,25,26,33,34,43,46,47,49,50,51,52,55,56,57,59,60},e=-1524942810669099705069
64^20=>{13,14,15,16,18,19,20,21,23,24,27,28,29,31,32,34,35,36,37,38,40,41,43,45,46,47,48,50,51,52,53,56,58,59,62},e=-453466512288619742353
65^20=>{12,19,20,21,22,23,25,28,29,30,31,33,35,38,41,42,43,45,47,48,49,52,58,59,64},e=-9819836993937131645
66^20=>{9,10,12,13,14,16,18,19,21,26,27,28,29,32,37,38,39,42,44,45,47,50,53,55,57,58,62,64},e=-517018387443029773
67^20=>{9,12,14,15,17,19,20,24,25,27,29,32,33,34,36,38,39,40,41,44,45,46,47,48,49,51,52,54,56,58,59,60,61,65},e=-5021243940357662576
68^20=>{11,13,18,19,23,30,32,34,35,36,39,40,41,45,47,49,50,51,52,53,58,60,61,67},e=-5721505370697337342
69^20=>{16,17,20,23,25,28,29,30,31,32,33,34,36,37,41,44,46,49,51,52,54,56,58,59,62,64,67},e=-75027358454675717323
70^20=>{10,11,14,15,17,18,22,25,26,28,29,31,33,40,41,42,47,49,51,52,54,56,58,59,60,62,65,68},e=-7401821592782281997
71^20=>{11,14,15,19,20,23,25,26,28,29,31,34,36,37,39,40,41,42,43,45,47,48,50,53,55,57,59,63,64,67,68},e=-13884110796143556898
72^20=>{10,12,16,17,20,21,23,24,25,27,28,29,30,31,34,37,38,41,47,48,51,54,55,58,60,62,64,67,70},e=-73008351183718993421
73^20=>{9,10,11,13,15,19,21,22,23,24,25,26,27,28,29,31,33,34,35,39,40,42,43,45,48,50,51,52,55,56,58,59,60,62,63,65,69,70},e=-54420397393412501
74^20=>{12,16,17,18,21,22,23,24,27,30,31,32,33,37,38,41,42,43,44,47,50,52,53,54,56,57,59,60,62,63,64,65,73},e=-2642286256480820528
75^20=>{9,10,13,15,16,19,23,26,29,31,35,40,42,44,45,46,50,52,55,56,59,60,65,68,71,72},e=-3295920739828368092
76^20=>{13,15,17,18,19,22,25,27,29,30,31,32,33,34,37,42,45,46,48,50,51,54,55,57,60,61,65,67,69,71,73},e=-3915487034690893172
77^20=>{9,11,14,16,18,20,21,23,25,32,34,37,38,39,41,43,44,46,47,49,50,51,52,55,57,58,60,61,62,63,64,65,68,71,72,73},e=-202306987044217154
78^20=>{9,11,13,14,15,18,21,24,25,27,40,41,43,44,45,48,50,51,53,54,56,59,64,72,77},e=-22779634146799694
79^20=>{7,8,9,10,14,15,16,17,22,28,29,31,33,34,36,39,40,42,43,44,46,47,49,50,51,53,54,55,56,57,59,60,62,63,64,65,66,67,68,70,74,76},e=-7917045593294258
80^20=>{11,13,19,21,25,26,29,30,31,33,37,38,39,41,44,46,47,50,51,54,56,57,58,61,66,70,73,75,77},e=-460762726936857874
81^20=>{9,10,15,16,17,18,19,20,21,22,23,26,28,30,31,32,33,34,35,39,40,43,44,47,48,50,51,52,53,54,55,57,58,62,65,67,69,70,72,73,76,77},e=-133540890305155556
82^20=>{9,11,13,14,16,18,20,23,24,25,26,27,31,33,34,35,36,38,41,42,44,45,46,48,49,50,52,53,55,56,57,59,60,61,63,64,67,69,72,73,77,79},e=-152752345858151559
83^20=>{11,15,16,18,21,23,24,25,27,28,31,34,35,38,40,41,42,46,47,50,51,53,54,55,57,62,65,66,70,73,74,78,80},e=-176307735523309023
84^20=>{7,8,11,13,14,18,19,20,21,22,23,26,28,29,34,35,36,37,41,44,45,47,48,49,50,51,52,53,56,58,59,60,69,71,72,75,77,82},e=-28316598114129556
85^20=>{8,9,10,11,13,14,15,17,18,19,21,24,26,27,30,36,39,42,46,47,50,52,54,58,59,61,62,65,69,76,81,82},e=-7200485575258302
86^20=>{6,8,9,10,11,12,15,16,20,22,23,24,26,27,29,34,35,36,37,38,40,41,42,43,46,48,49,50,56,57,62,65,69,71,76,77,78,84},e=-2086821424782480
87^20=>{7,8,9,10,11,13,16,17,18,24,27,30,34,35,36,40,43,44,46,47,48,51,53,55,56,57,59,60,61,62,64,65,66,68,70,73,75,78,79,85},e=-68951059840457379
88^20=>{7,11,13,14,15,16,19,21,23,25,26,29,33,36,41,44,46,47,49,52,56,59,68,69,70,72,73,81,82,85},e=-2694614597640850
89^20=>{8,11,13,16,22,26,28,29,30,31,33,34,35,37,40,41,42,44,45,47,48,49,51,52,53,55,56,57,62,66,67,68,73,75,78,81,84,85},e=-4832368163628355
90^20=>{8,12,13,15,17,22,23,25,27,29,30,31,32,37,39,40,41,43,45,46,47,48,49,51,54,56,57,58,59,62,65,68,69,72,73,76,78,80,81,84,86},e=-2612747055235334
91^20=>{6,7,8,10,11,13,15,17,18,20,23,24,25,26,27,35,37,43,44,46,48,49,50,51,53,54,56,57,60,64,68,69,74,78,79,80,82,83,88},e=-1235428210136705
92^20=>{6,7,9,11,13,15,17,23,24,26,27,33,37,42,43,44,48,49,51,52,55,57,58,59,61,63,66,67,71,73,75,77,78,82,83,86,88},e=-1771480484442808
93^20=>{5,8,9,10,11,16,17,19,20,22,24,25,27,29,33,40,41,46,48,49,51,52,53,54,57,58,59,60,61,62,68,69,71,72,76,77,82,83,85,87,88},e=-67053578153333
94^20=>{7,12,17,19,21,23,26,27,31,33,34,35,40,41,42,44,45,46,47,52,56,58,59,68,73,75,76,78,80,83,85,88,90},e=-12359338296644225
95^20=>{11,13,16,17,18,19,20,21,22,24,26,27,29,32,33,34,35,37,42,43,45,46,48,49,50,51,52,54,55,56,58,60,63,66,69,73,76,78,80,81,84,85,89,91},e=-911541140757461
