2^21=>{1},e=2097151
3^21=>{2,1},e=10458256050
4^21=>{3,2,1},e=4387584060748
5^21=>{4,3,2,1},e=472428649241665
6^21=>{5,4,3,2,1},e=21455704973213271
7^21=>{6,5,4,3,2,1},e=536127667775741566
8^21=>{7,6,5,4,3,2,1},e=8642407976463949360
9^21=>{8,7,6,5,4,3,2,1},e=99614653034266756953
10^21=>{9,8,7,6,5,4,3,2,1},e=880776674771242038535
11^21=>{10,9,8,7,6,5,4,3,2,1},e=6281026619029402139746
12^21=>{11,10,9,8,7,6,5,4,3,2,1},e=37485646639882783403436
13^21=>{12,11,10,9,8,7,6,5,4,3,2,1},e=192539935894593773175625
14^21=>{13,12,11,10,9,8,7,6,5,4,3,2,1},e=869766453701680209614863
15^21=>{14,13,12,11,10,9,8,7,6,5,4,3,2,1},e=3514940396913182084278110
16^21=>{15,14,13,12,11,10,9,8,7,6,5,4,3,2,1},e=12881983320508296242858176
17^21=>{16,15,14,13,12,11,10,9,8,7,6,5,4,3,2,1},e=43288291005848895533087761
18^21=>{17,16,15,14,13,12,11,10,9,8,7,6,5,4,3,2,1},e=134572675074960836911306095
19^21=>{18,17,16,15,14,13,12,11,10,9,8,7,6,5,4,3,2,1},e=389845666978075228305316978
20^21=>{19,18,17,16,15,14,13,12,11,10,9,8,7,6,5,4,3,2,1},e=1058578675591328816957804140
21^21=>{20,19,18,17,16,15,14,13,12,11,10,9,8,7,6,5,4,3,2,1},e=2706861693977311338338928561
22^21=>{21,20,19,18,17,16,15,14,13,12,11,10,9,8,7,6,5,4,3,2,1},e=6541136628306235268151530791
23^21=>{22,21,20,19,18,17,16,15,14,13,12,11,10,9,8,7,6,5,4,3,2,1},e=14973822806799943210251418270
24^21=>{23,22,21,20,19,18,17,16,15,14,13,12,11,10,9,8,7,6,5,4,3,2,1},e=32510383793583459604811952048
25^21=>{24,23,22,21,20,19,18,17,16,15,14,13,12,11,10,9,8,7,6,5,4,3,2,1},e=66924600780466542745452291625
