3^21=>{1,2},e=10458256050
4^21=>{1,2,3},e=4387584060748
5^21=>{1,2,3,4},e=472428649241665
6^21=>{1,2,3,4,5},e=21455704973213271
7^21=>{1,2,3,4,5,6},e=536127667775741566
8^21=>{1,2,3,4,5,6,7},e=8642407976463949360
9^21=>{1,2,3,4,5,6,7,8},e=99614653034266756953
10^21=>{1,2,3,4,5,6,7,8,9},e=880776674771242038535
11^21=>{1,2,3,4,5,6,7,8,9,10},e=6281026619029402139746
12^21=>{1,2,3,4,5,6,7,8,9,10,11},e=37485646639882783403436
13^21=>{1,2,3,4,5,6,7,8,9,10,11,12},e=192539935894593773175625
14^21=>{1,2,3,4,5,6,7,8,9,10,11,12,13},e=869766453701680209614863
15^21=>{1,2,3,4,5,6,7,8,9,10,11,12,13,14},e=3514940396913182084278110
16^21=>{1,2,3,4,5,6,7,8,9,10,11,12,13,14,15},e=12881983320508296242858176
17^21=>{1,2,3,4,5,6,7,8,9,10,11,12,13,14,15,16},e=43288291005848895533087761
18^21=>{1,2,3,4,5,6,7,8,9,10,11,12,13,14,15,16,17},e=134572675074960836911306095
19^21=>{1,2,3,4,5,6,7,8,9,10,11,12,13,14,15,16,17,18},e=389845666978075228305316978
20^21=>{1,2,3,4,5,6,7,8,9,10,11,12,13,14,15,16,17,18,19},e=1058578675591328816957804140
21^21=>{1,2,3,4,5,6,7,8,9,10,11,12,13,14,15,16,17,18,19,20},e=2706861693977311338338928561
22^21=>{1,2,3,4,5,6,7,8,9,10,11,12,13,14,15,16,17,18,19,20,21},e=6541136628306235268151530791
23^21=>{1,2,3,4,5,6,7,8,9,10,11,12,13,14,15,16,17,18,19,20,21,22},e=14973822806799943210251418270
24^21=>{1,2,3,4,5,6,7,8,9,10,11,12,13,14,15,16,17,18,19,20,21,22,23},e=32510383793583459604811952048
25^21=>{1,2,3,4,5,6,7,8,9,10,11,12,13,14,15,16,17,18,19,20,21,22,23,24},e=66924600780466542745452291625
26^21=>{1,2,3,4,5,6,7,8,9,10,11,12,13,14,15,16,17,18,19,20,21,22,23,24,25},e=130309121169447061748777892151
27^21=>{1,2,3,4,5,6,7,8,9,10,11,12,13,14,15,16,17,18,19,20,21,22,23,24,25,26},e=238606652049395280713037325026
28^21=>{1,2,3,4,5,6,7,8,9,10,11,12,13,14,15,16,17,18,19,20,21,22,23,24,25,26,27},e=405994794010776501214249045900
29^21=>{1,2,3,4,5,6,7,8,9,10,11,12,13,14,15,16,17,18,19,20,21,22,23,24,25,26,27,28},e=625816124746846923403839390073
30^21=>{1,2,3,4,5,6,7,8,9,10,11,12,13,14,15,16,17,18,19,20,21,22,23,24,25,26,27,28,29},e=820483910982481237932214246815
31^21=>{1,2,3,4,5,6,7,8,9,10,11,12,13,14,15,16,17,18,19,20,21,22,23,24,25,26,27,28,29,30},e=725283898374031981052634896446
32^21=>{1,2,3,4,5,6,7,8,9,10,11,12,13,14,15,16,17,18,19,20,21,22,26,27,28,29,30,31},e=2415307686373376241365237488
33^21=>{1,2,3,4,5,6,7,8,9,10,11,12,13,14,15,16,17,18,19,20,21,22,23,24,25,29,30,31,32},e=37883945238344463626484995916
34^21=>{1,2,3,4,5,6,7,8,9,10,11,12,13,14,15,16,17,18,19,20,21,22,23,24,25,26,29,31,32,33},e=57936251654157056979623592458
35^21=>{1,2,3,4,5,6,7,8,9,10,11,12,13,14,15,16,17,18,19,20,21,22,23,24,25,26,28,32,33,34},e=102622441118703922226796049897
36^21=>{1,2,3,4,5,6,7,8,9,10,11,12,13,14,15,16,17,18,19,20,21,22,23,24,25,26,28,29,31,32,34,35},e=112459833976713558859966170456
37^21=>{1,2,3,4,5,6,7,8,9,10,11,12,13,14,15,16,17,18,19,20,21,22,23,24,25,26,27,28,29,31,33,35,36},e=92065819675910619766270601377
38^21=>{23,26,29,30,34,36,37},e=-2913508800707449536690728697
39^21=>{21,27,28,29,33,34,37,38},e=-802792268409507804757266508
40^21=>{1,2,3,4,5,6,7,8,9,10,11,12,13,14,15,16,17,18,19,20,21,22,23,24,26,27,28,31,32,34,35,36,37,39},e=885544006127607185931601335
41^21=>{21,22,24,26,27,28,29,34,36,37,38,40},e=-1156964591467454507072218281
42^21=>{21,25,26,28,29,30,31,32,33,34,36,38,39,41},e=-860114527661975364961211771
43^21=>{24,27,30,31,34,35,41,42},e=-15548111514508089571815930731
44^21=>{1,2,3,4,5,6,7,8,9,10,11,12,13,14,15,18,19,21,27,30,32,34,36,40,41,43},e=4699564617249257298042633
45^21=>{23,24,27,28,29,32,33,35,39,40,42,44},e=-4753594842944136924430759821
46^21=>{1,2,3,4,5,6,7,8,9,10,11,12,13,14,15,16,17,18,19,20,21,22,25,27,28,30,31,32,33,34,36,37,38,41,43,45},e=726137589690489323771156013
47^21=>{19,20,21,25,27,30,31,32,35,39,40,41,44,46},e=-108912244723404582822235903
48^21=>{1,2,3,4,5,6,7,8,9,10,11,12,13,14,15,16,17,19,20,21,23,24,28,31,32,33,35,36,39,40,42,45,47},e=26630138329772862029559850
49^21=>{15,20,22,24,30,31,36,37,38,40,41,42,43,45,46,47},e=-320395809568808319606658
50^21=>{1,2,3,4,5,6,7,8,9,10,11,12,13,14,15,20,21,22,23,26,29,30,32,33,34,35,36,38,39,40,41,42,44,46,47,48},e=816908117195674826814884
51^21=>{12,13,15,17,19,20,23,24,25,26,27,32,33,34,36,37,39,40,42,43,44,45,46,48,49},e=-10100718293824012327518
52^21=>{18,19,21,23,25,26,27,32,33,39,40,42,44,49,51},e=-4559606175765235726618847
53^21=>{1,2,3,4,5,6,7,8,9,10,11,12,13,14,15,16,17,19,22,23,24,27,28,30,32,34,40,42,43,45,47,48,50,51},e=11997503054916136363358565
54^21=>{19,20,25,26,28,34,37,40,41,42,44,45,46,47,48,49,50,52},e=-6443715292152680984602359
55^21=>{1,2,3,4,5,6,7,8,9,10,11,12,13,14,15,16,17,18,19,20,21,22,23,28,29,35,36,38,39,40,44,45,46,47,48,49,52,53},e=192354707372242814099390
56^21=>{1,2,3,4,5,6,7,8,9,10,11,12,13,14,15,18,19,21,22,23,24,26,27,28,29,31,33,36,42,46,49,51,53,54},e=23814873770208993975984
57^21=>{14,16,19,20,22,23,25,26,29,31,34,41,44,46,47,48,52,54,55},e=-14479694507854798708789
58^21=>{15,16,18,19,21,25,27,28,30,31,37,39,40,42,45,48,51,52,55,56},e=-557138295513327898632877
59^21=>{13,23,25,26,27,28,29,30,31,36,37,39,40,43,44,45,48,49,53,54,58},e=-80594540986359479377379
60^21=>{12,19,20,21,23,24,25,33,34,37,38,44,46,50,54,55,59},e=-12621307499648514446544
61^21=>{16,19,20,21,29,30,34,36,37,38,39,40,41,42,44,45,46,47,48,49,53,54,58,59},e=-64492857561777567234074
62^21=>{14,21,22,23,25,26,29,31,32,34,35,36,39,41,45,46,50,51,55,56,57,58,59},e=-294201093600460520440063
63^21=>{1,2,3,4,5,6,7,8,9,10,12,13,14,16,17,18,19,20,21,22,23,24,25,26,31,32,35,36,37,40,45,46,47,50,54,55,58,62},e=509036592825590461270
64^21=>{13,14,15,19,22,25,28,29,31,32,33,35,36,37,38,39,42,46,47,50,51,52,53,54,55,56,58,59,62},e=-23217761620066926974237
65^21=>{11,12,15,16,17,20,22,27,28,29,31,33,35,36,38,42,43,44,45,47,48,51,55,56,57,59,64},e=-1667744202062618988586
66^21=>{1,2,3,4,5,6,7,8,9,10,11,12,13,14,16,18,21,22,28,29,30,31,32,33,36,41,43,44,46,48,50,52,53,56,57,63,64},e=8548495707159202618268
67^21=>{11,13,14,17,21,25,26,28,29,31,34,38,40,45,48,50,52,53,54,56,58,60,63,65},e=-956766435661936236354
68^21=>{1,2,3,4,5,6,7,8,9,10,11,12,13,14,15,20,21,23,24,25,27,28,29,31,32,33,36,38,39,41,43,46,48,49,50,52,53,55,56,57,59,60,62,64,65},e=1537100086236483437462
69^21=>{1,2,3,4,5,6,7,8,9,10,11,13,14,16,19,21,22,23,26,28,30,31,32,34,36,37,40,41,42,43,44,47,50,51,52,54,57,60,61,62,68},e=378141072196428298069
70^21=>{1,2,3,4,5,6,7,8,9,11,16,17,18,19,22,23,25,26,27,29,30,33,34,38,40,42,43,45,46,50,51,52,56,60,61,64,69},e=340633760692499336338
71^21=>{1,2,3,4,5,6,7,8,9,12,17,18,22,23,27,29,33,36,37,39,41,42,43,45,46,47,50,51,55,56,57,60,62,64,65,66,68},e=62963719080127960845
72^21=>{10,11,12,16,17,18,20,22,23,32,34,35,36,37,38,44,45,49,50,51,54,56,57,59,60,64,65,71},e=-278739674521984412904
73^21=>{1,2,3,4,5,6,7,8,10,13,14,15,16,17,18,20,21,22,23,26,30,33,34,38,42,43,45,47,48,49,53,60,61,63,67,72},e=29524093709355380547
74^21=>{10,11,13,17,22,23,26,30,34,35,36,39,43,44,47,48,49,50,51,53,55,58,60,61,62,63,64,67,70,71},e=-216567231372174137978
75^21=>{1,2,3,4,5,6,7,8,10,12,13,15,16,21,22,26,27,32,33,35,37,38,39,42,44,45,46,48,49,51,53,54,56,58,59,62,63,64,65,66,68,70,72},e=25457539531090951198
76^21=>{8,9,10,16,17,18,19,23,24,25,26,27,29,30,31,32,33,34,35,36,37,40,42,43,45,47,49,50,51,52,53,54,55,57,59,61,62,63,64,65,67,71,74},e=-2904857568162983087
77^21=>{1,2,3,4,5,6,7,9,10,12,14,19,20,22,23,25,27,28,30,37,39,42,44,46,47,48,50,51,56,57,58,59,60,63,66,68,69,71,75},e=745871688566397054
78^21=>{10,11,15,17,18,19,21,22,23,24,25,27,29,34,38,40,41,43,46,47,49,50,53,57,58,63,69,71,74,75},e=-3184722338762644451
79^21=>{1,2,3,4,5,6,7,9,11,13,15,16,19,21,22,23,24,26,27,29,31,32,37,40,43,44,45,46,51,54,55,56,58,60,65,66,68,70,71,72,77},e=268737376520529485
80^21=>{8,9,11,14,15,16,19,23,27,29,30,39,40,41,43,44,47,49,50,51,56,58,59,62,63,64,68,69,72,76,77},e=-373507706744139919
81^21=>{11,12,13,14,16,17,19,20,21,23,24,26,30,32,34,36,38,39,40,41,44,45,46,49,50,51,54,55,56,57,58,59,63,65,67,68,70,72,75,76,77},e=-88088731959793982
82^21=>{12,13,14,15,17,19,20,21,22,23,26,30,31,32,34,37,39,40,41,42,44,45,47,50,51,59,66,67,69,70,71,73,74,76,79},e=-250739239378648417
83^21=>{1,2,3,4,5,6,7,9,10,12,19,20,21,23,24,29,31,32,33,34,37,42,46,47,48,51,54,57,59,63,65,66,67,68,70,74,75,76,77,79},e=588822523414362457
