3^21=>{1,2},e=10458256050
4^21=>{1,2,3},e=4387584060748
5^21=>{1,2,3,4},e=472428649241665
6^21=>{1,2,3,4,5},e=21455704973213271
7^21=>{1,2,3,4,5,6},e=536127667775741566
8^21=>{1,2,3,4,5,6,7},e=8642407976463949360
9^21=>{1,2,3,4,5,6,7,8},e=99614653034266756953
10^21=>{1,2,3,4,5,6,7,8,9},e=880776674771242038535
11^21=>{1,2,3,4,5,6,7,8,9,10},e=6281026619029402139746
12^21=>{1,2,3,4,5,6,7,8,9,10,11},e=37485646639882783403436
13^21=>{1,2,3,4,5,6,7,8,9,10,11,12},e=192539935894593773175625
14^21=>{1,2,3,4,5,6,7,8,9,10,11,12,13},e=869766453701680209614863
15^21=>{1,2,3,4,5,6,7,8,9,10,11,12,13,14},e=3514940396913182084278110
16^21=>{1,2,3,4,5,6,7,8,9,10,11,12,13,14,15},e=12881983320508296242858176
17^21=>{1,2,3,4,5,6,7,8,9,10,11,12,13,14,15,16},e=43288291005848895533087761
18^21=>{1,2,3,4,5,6,7,8,9,10,11,12,13,14,15,16,17},e=134572675074960836911306095
19^21=>{1,2,3,4,5,6,7,8,9,10,11,12,13,14,15,16,17,18},e=389845666978075228305316978
20^21=>{1,2,3,4,5,6,7,8,9,10,11,12,13,14,15,16,17,18,19},e=1058578675591328816957804140
21^21=>{1,2,3,4,5,6,7,8,9,10,11,12,13,14,15,16,17,18,19,20},e=2706861693977311338338928561
22^21=>{1,2,3,4,5,6,7,8,9,10,11,12,13,14,15,16,17,18,19,20,21},e=6541136628306235268151530791
23^21=>{1,2,3,4,5,6,7,8,9,10,11,12,13,14,15,16,17,18,19,20,21,22},e=14973822806799943210251418270
24^21=>{1,2,3,4,5,6,7,8,9,10,11,12,13,14,15,16,17,18,19,20,21,22,23},e=32510383793583459604811952048
25^21=>{1,2,3,4,5,6,7,8,9,10,11,12,13,14,15,16,17,18,19,20,21,22,23,24},e=66924600780466542745452291625
26^21=>{1,2,3,4,5,6,7,8,9,10,11,12,13,14,15,16,17,18,19,20,21,22,23,24,25},e=130309121169447061748777892151
27^21=>{1,2,3,4,5,6,7,8,9,10,11,12,13,14,15,16,17,18,19,20,21,22,23,24,25,26},e=238606652049395280713037325026
28^21=>{1,2,3,4,5,6,7,8,9,10,11,12,13,14,15,16,17,18,19,20,21,22,23,24,25,26,27},e=405994794010776501214249045900
29^21=>{1,2,3,4,5,6,7,8,9,10,11,12,13,14,15,16,17,18,19,20,21,22,23,24,25,26,27,28},e=625816124746846923403839390073
30^21=>{1,2,3,4,5,6,7,8,9,10,11,12,13,14,15,16,17,18,19,20,21,22,23,24,25,26,27,28,29},e=820483910982481237932214246815
31^21=>{1,2,3,4,5,6,7,8,9,10,11,12,13,14,15,16,17,18,19,20,21,22,23,24,25,26,27,28,29,30},e=725283898374031981052634896446
32^21=>{23,26,27,28,29,30,31},e=-12558515120426566968886180782
33^21=>{26,29,30,31,32},e=-92425175931102598122292896235
34^21=>{27,29,31,32,33},e=-180670400395238223733413732568
35^21=>{27,28,32,33,34},e=-135984210930691358486241275129
36^21=>{27,28,29,31,32,34,35},e=-126146818072681721853071154570
37^21=>{30,31,33,35,36},e=-728418091306570618165943645438
38^21=>{23,26,29,30,34,36,37},e=-2913508800707449536690728697
39^21=>{21,27,28,29,33,34,37,38},e=-802792268409507804757266508
40^21=>{25,27,28,29,32,35,38,39},e=-3129358467141914261284044843
41^21=>{21,22,24,26,27,28,29,34,36,37,38,40},e=-1156964591467454507072218281
42^21=>{21,25,26,28,29,30,31,32,33,34,36,38,39,41},e=-860114527661975364961211771
43^21=>{24,27,30,31,34,35,41,42},e=-15548111514508089571815930731
44^21=>{16,18,19,21,27,30,32,34,36,40,41,43},e=-8182418703259038944815543
45^21=>{23,24,27,28,29,32,33,35,39,40,42,44},e=-4753594842944136924430759821
46^21=>{23,25,27,28,30,31,32,33,34,36,37,38,41,43,45},e=-14247685217109453886480262257
47^21=>{19,20,21,25,27,30,31,32,35,39,40,41,44,46},e=-108912244723404582822235903
48^21=>{25,26,27,31,34,35,39,40,42,43,44,47},e=-98061491322271242098459335
49^21=>{15,20,22,24,30,31,36,37,38,40,41,42,43,45,46,47},e=-320395809568808319606658
50^21=>{16,19,21,22,24,25,26,27,28,29,32,34,35,36,38,41,43,45,46,49},e=-10270517259923004020335006
51^21=>{12,13,15,17,19,20,23,24,25,26,27,32,33,34,36,37,39,40,42,43,44,45,46,48,49},e=-10100718293824012327518
52^21=>{18,19,21,23,25,26,27,32,33,39,40,42,44,49,51},e=-4559606175765235726618847
53^21=>{17,18,20,26,27,28,30,32,35,41,44,45,47,49,52},e=-16154571076256229067189328
54^21=>{19,20,25,26,28,34,37,40,41,42,44,45,46,47,48,49,50,52},e=-6443715292152680984602359
55^21=>{17,18,19,20,23,24,26,33,34,36,38,39,40,42,43,45,49,51,54},e=-7778479139345555154878696
56^21=>{14,15,17,18,19,20,23,24,25,26,27,30,35,36,37,40,42,45,46,49,50,51,52,54},e=-229396951965952955058679
57^21=>{14,16,19,20,22,23,25,26,29,31,34,41,44,46,47,48,52,54,55},e=-14479694507854798708789
58^21=>{15,16,18,19,21,25,27,28,30,31,37,39,40,42,45,48,51,52,55,56},e=-557138295513327898632877
59^21=>{13,23,25,26,27,28,29,30,31,36,37,39,40,43,44,45,48,49,53,54,58},e=-80594540986359479377379
60^21=>{12,19,20,21,23,24,25,33,34,37,38,44,46,50,54,55,59},e=-12621307499648514446544
61^21=>{16,19,20,21,29,30,34,36,37,38,39,40,41,42,44,45,46,47,48,49,53,54,58,59},e=-64492857561777567234074
62^21=>{17,19,20,21,23,27,28,29,31,36,37,38,39,40,42,47,48,49,51,52,53,54,55,57,58,59},e=-2574029275840839556499078
63^21=>{11,12,13,14,16,17,18,19,20,21,22,23,24,25,26,31,32,35,36,37,40,45,46,47,50,54,55,58,62},e=-5771990026203811678476
64^21=>{13,14,15,19,22,25,28,29,31,32,33,35,36,37,38,39,42,46,47,50,51,52,53,54,55,56,58,59,62},e=-23217761620066926974237
65^21=>{12,13,14,16,18,19,23,24,26,30,32,33,35,37,38,39,42,46,47,49,52,53,54,56,60,64},e=-6728529542413950582507
66^21=>{13,15,17,20,21,22,23,25,26,27,29,32,35,37,38,39,42,46,49,52,54,55,56,57,58,59,61,64},e=-75591835617172458966706
67^21=>{11,13,14,17,21,25,26,28,29,31,34,38,40,45,48,50,52,53,54,56,58,60,63,65},e=-956766435661936236354
68^21=>{16,21,22,24,25,26,28,29,30,32,33,34,36,37,39,40,45,46,48,49,50,52,53,54,56,58,59,62,67},e=-16064299969495957297913
69^21=>{12,17,20,23,24,25,26,28,31,32,35,38,40,42,43,45,47,50,52,53,55,57,58,59,61,63,65,66},e=-8240239313335511272338
70^21=>{11,15,18,19,21,22,23,27,29,30,32,33,35,36,37,38,41,43,46,47,49,50,51,52,53,56,57,58,65,69},e=-1083852077000687597893
71^21=>{12,13,14,16,20,24,25,27,28,29,30,32,34,36,41,42,44,46,47,48,49,50,52,53,56,57,61,63,64,70},e=-2765546790144732179642
72^21=>{10,11,12,16,17,18,20,22,23,32,34,35,36,37,38,44,45,49,50,51,54,56,57,59,60,64,65,71},e=-278739674521984412904
73^21=>{10,12,15,16,17,18,19,21,26,30,31,32,34,40,41,42,46,49,50,51,54,55,56,57,59,63,65,66,69,70},e=-140713795340732085931
74^21=>{11,12,13,14,20,24,27,29,30,32,33,36,37,38,40,43,46,48,49,50,51,55,57,58,59,60,66,67,73},e=-1211652532503177249324
75^21=>{11,12,14,16,22,23,27,28,30,33,34,35,36,37,38,40,41,42,43,44,45,47,48,50,52,53,57,58,62,64,66,68,71,72},e=-905980172932521668544
76^21=>{8,9,10,16,17,18,19,23,24,25,26,27,29,30,31,32,33,34,35,36,37,40,42,43,45,47,49,50,51,52,53,54,55,57,59,61,62,63,64,65,67,71,74},e=-2904857568162983087
77^21=>{11,12,18,21,23,25,26,29,30,31,32,36,37,39,40,41,42,43,44,45,48,49,51,52,53,54,55,58,59,61,62,64,65,66,67,68,71,75},e=-61998499335911019066
78^21=>{10,11,15,17,18,19,21,22,23,24,25,27,29,34,38,40,41,43,46,47,49,50,53,57,58,63,69,71,74,75},e=-3184722338762644451
79^21=>{10,11,12,16,17,18,19,20,21,23,24,27,29,32,33,34,35,39,40,43,46,47,49,52,53,55,57,58,60,62,63,66,73,78},e=-116782667923927463623
80^21=>{9,11,12,19,21,22,23,24,27,30,32,33,34,35,37,39,45,47,48,49,50,51,52,54,55,56,59,61,62,64,65,68,71,73,75,77},e=-6667200981234408310
81^21=>{11,13,16,17,19,20,21,22,25,30,31,32,33,34,35,37,38,39,42,44,45,46,47,48,52,54,55,60,63,65,66,75,80},e=-44165429716962129094
82^21=>{8,10,15,16,17,18,20,21,22,27,28,30,31,32,34,36,37,38,40,41,43,44,49,51,52,53,54,57,58,59,60,61,62,65,67,70,71,72,76,77,78},e=-4766805823185444458
83^21=>{9,10,13,16,17,18,19,20,27,28,29,32,33,35,39,40,41,42,43,44,47,48,51,53,54,57,61,68,69,70,72,73,79,80},e=-17707655699159706424
84^21=>{8,11,13,14,16,17,18,19,20,21,22,23,27,30,34,37,38,39,42,45,46,47,48,49,52,54,56,59,60,64,66,69,71,72,74,75,79,81},e=-3617238525171953102
85^21=>{9,11,18,20,21,22,24,27,29,30,32,34,35,36,37,38,39,40,42,45,46,49,51,52,53,55,57,58,59,60,61,64,65,69,72,75,77,80,82},e=-3865610712771448119
86^21=>{7,9,12,17,18,20,25,27,28,32,33,34,36,37,40,42,43,44,45,47,49,51,53,54,57,58,60,61,70,72,74,77,79,81,82},e=-425043997288009278
87^21=>{10,12,13,14,16,17,18,19,20,21,22,23,25,28,30,31,33,34,37,38,40,41,43,46,47,48,49,50,52,53,56,57,59,60,63,67,70,72,73,75,76,81,85},e=-18212392646981731197
88^21=>{11,12,15,16,17,19,20,21,22,26,34,36,38,39,41,42,44,45,46,47,48,51,52,53,57,59,61,64,66,67,69,70,73,75,78,82,86},e=-5859291692995705764
89^21=>{13,14,15,19,20,22,24,25,26,28,30,31,32,34,35,37,38,39,40,42,44,47,54,55,61,65,66,67,71,74,76,78,80,81,87},e=-695891558277227891
90^21=>{9,11,14,15,17,21,22,23,25,28,29,30,33,36,38,40,42,43,44,47,50,52,53,54,55,56,57,59,60,62,63,65,68,70,74,75,80,82,84,87},e=-233713294106145283
91^21=>{7,8,9,12,17,19,20,25,26,27,28,30,31,32,36,38,40,43,44,45,48,50,53,55,57,58,59,61,64,66,69,73,74,78,80,85,89},e=-485055850775017085
92^21=>{7,9,14,16,17,19,20,24,26,28,30,31,32,33,35,36,42,43,44,45,46,48,49,53,54,60,63,65,66,68,69,73,76,81,83,84,86,88},e=-75080282379969591
93^21=>{9,10,11,12,16,17,20,21,22,23,24,26,27,29,32,33,36,37,38,40,41,44,50,52,56,60,64,65,66,69,70,73,74,79,88,91},e=-1455038294775892
94^21=>{8,9,10,11,12,13,14,15,18,20,21,23,26,27,28,31,32,33,34,36,38,39,40,41,44,47,48,49,51,52,53,54,57,59,60,62,64,65,67,69,73,76,80,83,86,89,90},e=-411333732701946433
95^21=>{8,9,11,12,14,16,18,21,23,24,25,29,31,32,33,35,37,38,42,46,47,48,50,52,54,60,62,63,66,68,72,73,77,79,87,94},e=-9200224178024361
96^21=>{8,12,13,17,21,22,24,25,29,30,33,39,41,42,43,44,45,47,50,51,54,58,60,62,63,67,69,76,77,80,81,84,86,90,93},e=-337396916228745110
97^21=>{6,7,10,11,13,16,21,22,28,29,30,36,37,40,41,42,43,47,49,50,53,54,55,57,58,59,62,63,64,65,66,67,68,69,71,74,76,79,82,83,87,88,91,93},e=-10414399533627065
98^21=>{7,9,11,13,14,15,16,19,21,28,29,31,36,37,40,41,43,47,48,50,52,54,56,57,59,61,62,63,65,67,68,70,73,74,75,79,82,83,84,88,89,96},e=-57998227941105574
