2^22=>{1},e=4194303
3^22=>{2,1},e=31376865304
4^22=>{3,2,1},e=17560800790502
5^22=>{4,3,2,1},e=2366562219717295
6^22=>{5,4,3,2,1},e=129219894479953181
7^22=>{6,5,4,3,2,1},e=3775797535378406958
8^22=>{7,6,5,4,3,2,1},e=69743131733050637324
9^22=>{8,7,6,5,4,3,2,1},e=906940081326985457277
10^22=>{9,8,7,6,5,4,3,2,1},e=8937398276959762991515
11^22=>{10,9,8,7,6,5,4,3,2,1},e=70340147663799524104836
12^22=>{11,10,9,8,7,6,5,4,3,2,1},e=459596087802556419471538
13^22=>{12,11,10,9,8,7,6,5,4,3,2,1},e=2567312087932538689442219
14^22=>{13,12,11,10,9,8,7,6,5,4,3,2,1},e=12542612395378649585000377
15^22=>{14,13,12,11,10,9,8,7,6,5,4,3,2,1},e=54562932695459152148645210
16^22=>{15,14,13,12,11,10,9,8,7,6,5,4,3,2,1},e=214411389663219931322645016
17^22=>{16,15,14,13,12,11,10,9,8,7,6,5,4,3,2,1},e=770004246541678252847145593
18^22=>{17,16,15,14,13,12,11,10,9,8,7,6,5,4,3,2,1},e=2551307027611710663416730039
19^22=>{18,17,16,15,14,13,12,11,10,9,8,7,6,5,4,3,2,1},e=7860430377561142914182682352
20^22=>{19,18,17,16,15,14,13,12,11,10,9,8,7,6,5,4,3,2,1},e=22663509541212961098579938430
21^22=>{20,19,18,17,16,15,14,13,12,11,10,9,8,7,6,5,4,3,2,1},e=61471756927318594047583551271
22^22=>{21,20,19,18,17,16,15,14,13,12,11,10,9,8,7,6,5,4,3,2,1},e=157510979519326885546223049173
23^22=>{22,21,20,19,18,17,16,15,14,13,12,11,10,9,8,7,6,5,4,3,2,1},e=382501659566883946159670163334
24^22=>{23,22,21,20,19,18,17,16,15,14,13,12,11,10,9,8,7,6,5,4,3,2,1},e=882322291491079311403622153252
25^22=>{24,23,22,21,20,19,18,17,16,15,14,13,12,11,10,9,8,7,6,5,4,3,2,1},e=1935637174619505366257750068725
