3^22=>{1,2},e=31376865304
4^22=>{1,2,3},e=17560800790502
5^22=>{1,2,3,4},e=2366562219717295
6^22=>{1,2,3,4,5},e=129219894479953181
7^22=>{1,2,3,4,5,6},e=3775797535378406958
8^22=>{1,2,3,4,5,6,7},e=69743131733050637324
9^22=>{1,2,3,4,5,6,7,8},e=906940081326985457277
10^22=>{1,2,3,4,5,6,7,8,9},e=8937398276959762991515
11^22=>{1,2,3,4,5,6,7,8,9,10},e=70340147663799524104836
12^22=>{1,2,3,4,5,6,7,8,9,10,11},e=459596087802556419471538
13^22=>{1,2,3,4,5,6,7,8,9,10,11,12},e=2567312087932538689442219
14^22=>{1,2,3,4,5,6,7,8,9,10,11,12,13},e=12542612395378649585000377
15^22=>{1,2,3,4,5,6,7,8,9,10,11,12,13,14},e=54562932695459152148645210
16^22=>{1,2,3,4,5,6,7,8,9,10,11,12,13,14,15},e=214411389663219931322645016
17^22=>{1,2,3,4,5,6,7,8,9,10,11,12,13,14,15,16},e=770004246541678252847145593
18^22=>{1,2,3,4,5,6,7,8,9,10,11,12,13,14,15,16,17},e=2551307027611710663416730039
19^22=>{1,2,3,4,5,6,7,8,9,10,11,12,13,14,15,16,17,18},e=7860430377561142914182682352
20^22=>{1,2,3,4,5,6,7,8,9,10,11,12,13,14,15,16,17,18,19},e=22663509541212961098579938430
21^22=>{1,2,3,4,5,6,7,8,9,10,11,12,13,14,15,16,17,18,19,20},e=61471756927318594047583551271
22^22=>{1,2,3,4,5,6,7,8,9,10,11,12,13,14,15,16,17,18,19,20,21},e=157510979519326885546223049173
23^22=>{1,2,3,4,5,6,7,8,9,10,11,12,13,14,15,16,17,18,19,20,21,22},e=382501659566883946159670163334
24^22=>{1,2,3,4,5,6,7,8,9,10,11,12,13,14,15,16,17,18,19,20,21,22,23},e=882322291491079311403622153252
25^22=>{1,2,3,4,5,6,7,8,9,10,11,12,13,14,15,16,17,18,19,20,21,22,23,24},e=1935637174619505366257750068725
26^22=>{1,2,3,4,5,6,7,8,9,10,11,12,13,14,15,16,17,18,19,20,21,22,23,24,25},e=4038382055619462979301735213651
27^22=>{1,2,3,4,5,6,7,8,9,10,11,12,13,14,15,16,17,18,19,20,21,22,23,24,25,26},e=7998679131928954167258430164828
28^22=>{1,2,3,4,5,6,7,8,9,10,11,12,13,14,15,16,17,18,19,20,21,22,23,24,25,26,27},e=14974669653709303331064257742154
29^22=>{1,2,3,4,5,6,7,8,9,10,11,12,13,14,15,16,17,18,19,20,21,22,23,24,25,26,27,28},e=26262509622701457995108599950627
30^22=>{1,2,3,4,5,6,7,8,9,10,11,12,13,14,15,16,17,18,19,20,21,22,23,24,25,26,27,28,29},e=42368228626534853116431470796145
31^22=>{1,2,3,4,5,6,7,8,9,10,11,12,13,14,15,16,17,18,19,20,21,22,23,24,25,26,27,28,29,30},e=60337734641672926153164510934706
32^22=>{1,2,3,4,5,6,7,8,9,10,11,12,13,14,15,16,17,18,19,20,21,22,23,24,25,26,27,28,29,30,31},e=67230552885103687212322512962608
33^22=>{1,2,3,4,5,6,7,8,9,10,11,12,13,14,15,16,17,18,19,20,21,22,23,24,25,26,27,28,29,30,31,32},e=25586654462596616575520853304049
34^22=>{21,22,23,26,27,28,30,31,32,33},e=-35119481958725931358711983461
35^22=>{26,28,29,30,32,33,34},e=-2229489850691409111064321902145
36^22=>{28,29,30,33,34,35},e=-9890503113087078737755775059699
37^22=>{26,28,34,35,36},e=-60071312091000261760016111568
38^22=>{29,30,33,34,36,37},e=-5971250853492569934232300515107
39^22=>{27,30,33,35,37,38},e=-1354074686315522510135235052635
40^22=>{20,22,26,27,28,32,33,34,35,38,39},e=-2546722594684712770476502132
41^22=>{24,26,27,32,33,34,36,39,40},e=-740113622924000722110733642986
42^22=>{22,24,25,27,28,29,30,31,32,33,36,37,38,39,41},e=-77725607468120911566256301760
43^22=>{28,29,34,35,37,41,42},e=-13025500366025377478970085861571
44^22=>{24,29,30,31,37,38,40,41,43},e=-318607914865880102553605541885
45^22=>{25,27,29,30,32,33,34,35,36,37,38,39,40,42,44},e=-1214256008920401391147407616494
46^22=>{23,27,28,29,30,31,35,36,44,45},e=-31110079030477735406786734310
47^22=>{18,20,24,25,26,31,33,34,43,44,46},e=-360357806229843194692982299
48^22=>{19,21,27,28,32,34,36,37,38,39,40,43,45,47},e=-3682922524861935035251463304
49^22=>{24,27,28,29,30,31,34,36,37,38,39,40,42,43,46,48},e=-76881843242161734518002907909
50^22=>{17,20,21,25,26,27,28,29,31,32,34,37,38,45,47,49},e=-349213475702950022190571074
51^22=>{19,22,25,27,30,31,32,33,34,36,38,40,41,42,43,46,47,48,49},e=-6423499436478967816006905592
52^22=>{19,23,24,26,27,32,33,35,36,37,38,44,47,48,49,50},e=-447061687064622547719802264
53^22=>{15,18,19,23,24,26,27,28,30,36,39,42,44,45,48,49,52},e=-129392007051568861385046
54^22=>{17,18,19,21,24,26,30,31,32,36,38,39,40,45,48,50,51,52},e=-267298281681692222548865031
55^22=>{15,16,18,21,22,24,28,31,34,35,39,41,43,46,48,51,52,53},e=-6828344705811426415326592
56^22=>{16,18,19,20,24,26,27,28,29,31,35,36,39,42,43,44,46,48,52,53,54},e=-140536578541542530654652312
57^22=>{18,20,22,24,27,29,30,32,33,35,36,38,43,44,46,47,49,50,53,56},e=-2521100600398608517791671039
58^22=>{17,18,20,22,23,24,25,26,27,30,32,33,35,37,38,40,41,42,43,44,47,48,51,52,53,57},e=-53955524910405543008024125
59^22=>{15,18,19,20,21,22,23,24,25,29,31,36,37,41,45,47,50,51,53,54,58},e=-13525645920269922550354956
60^22=>{12,14,16,18,19,21,22,24,25,28,29,31,32,33,34,35,36,40,41,43,44,46,47,48,50,51,54,55,59},e=-254444472181184933670101
61^22=>{19,20,22,23,24,25,27,28,30,31,33,34,37,38,40,45,46,48,49,50,51,52,53,54,55,57,59},e=-2712019009536562967001917
62^22=>{11,12,14,16,17,18,19,20,22,23,24,25,30,32,37,38,40,41,43,45,46,49,51,52,53,54,55,56,61},e=-69746081299052298734382
63^22=>{15,17,18,20,24,25,26,27,29,30,31,33,39,42,44,45,49,50,52,54,56,58,62},e=-15172728149695140311738977
64^22=>{13,14,15,16,17,24,28,29,30,34,36,38,45,49,50,52,53,54,55,56,58,60,62},e=-684055973383932814615560
65^22=>{11,12,14,15,16,17,18,19,21,23,27,28,29,30,32,34,36,38,42,44,45,46,47,48,49,51,52,53,54,55,56,59,60,61,62},e=-65124243032552143490127
66^22=>{12,13,14,16,20,23,25,30,31,35,39,41,42,43,47,48,49,52,53,55,57,58,63,64},e=-366033014809731523387694
67^22=>{15,17,19,20,22,24,27,28,29,30,31,32,33,35,38,39,40,42,46,47,51,52,54,55,56,58,60,61,62,65},e=-27486233845624118362442389
68^22=>{11,12,13,16,17,19,20,23,25,26,29,30,36,37,38,40,42,43,45,47,49,54,57,60,63,67},e=-3527578370251028285167
69^22=>{11,12,14,15,17,18,21,22,24,25,27,30,31,32,33,34,35,37,41,42,45,48,50,51,52,53,54,55,57,61,66,67},e=-25911653740844209434761
70^22=>{17,21,25,28,33,34,36,39,40,41,43,46,48,49,51,52,54,59,62,63,66,68},e=-1937533869392572722456747
71^22=>{12,13,15,18,23,26,29,31,34,35,37,38,40,42,43,46,47,51,52,53,54,55,56,57,59,60,62,63,67,69},e=-253139495224197274907344
72^22=>{11,13,15,17,18,20,22,25,28,29,30,32,33,35,36,40,41,44,45,46,47,48,50,51,53,54,55,58,60,61,62,63,65,66,67,69},e=-2833147996260926624963
73^22=>{12,13,14,15,17,18,19,22,24,26,27,28,31,32,33,34,37,43,44,46,47,51,53,54,56,57,59,60,61,68,72},e=-46804894927232896501558
74^22=>{12,13,14,17,18,19,20,22,23,26,27,29,32,33,35,36,37,38,39,41,45,46,48,50,53,56,57,60,62,63,66,67,73},e=-198900217655658297228041
75^22=>{14,18,20,23,24,27,28,29,31,32,37,40,41,44,46,49,50,51,52,53,57,58,61,62,68,71,73},e=-50536721748992113673428
76^22=>{11,15,16,21,24,25,29,31,32,35,37,41,42,43,45,46,47,48,50,53,54,55,56,57,58,61,64,67,69,71,74},e=-5811208701733372995819
77^22=>{12,14,15,16,17,18,19,20,23,24,25,26,28,30,31,33,36,38,40,41,43,45,46,47,48,49,50,51,52,53,55,56,59,60,61,62,64,68,71,73,74},e=-310788392902510891164818
78^22=>{12,14,15,18,20,21,22,24,28,29,30,32,36,37,38,43,44,46,47,51,55,57,58,59,63,73,77},e=-48531506923154591579621
79^22=>{12,14,15,16,20,26,28,29,30,32,35,40,43,44,48,49,51,52,53,55,56,57,61,65,71,72,78},e=-137495560275730587954699
80^22=>{9,15,16,21,22,23,24,25,28,29,31,37,39,40,41,44,45,48,49,50,52,53,54,56,57,61,62,68,69,71,72,76,77},e=-108430570067773184034
81^22=>{12,14,16,19,21,22,26,27,28,29,30,33,34,35,46,47,48,52,54,56,57,59,60,61,63,64,66,68,71,74,75,79},e=-32589118786626501794285
82^22=>{10,11,12,13,14,15,18,20,22,24,25,26,28,31,34,35,36,38,43,44,45,46,48,49,50,51,53,55,56,58,60,61,62,64,65,66,67,68,69,72,74,81},e=-5223931298462905178785
83^22=>{10,11,13,14,16,17,19,24,27,28,31,34,36,37,39,40,41,42,43,44,46,47,48,49,51,52,53,55,56,58,62,64,69,70,74,75,82},e=-4057079023977681637320
84^22=>{10,11,14,19,21,22,24,26,28,29,33,36,37,42,46,47,48,49,50,52,57,61,63,64,69,70,74,75,76,79,81},e=-2781861269631769910351
85^22=>{16,17,18,19,20,21,23,24,26,27,29,35,36,39,40,41,44,45,50,53,55,58,60,61,62,64,65,67,68,69,70,71,72,73,74,76,78,83},e=-45315165708803595218
86^22=>{12,13,16,18,20,24,25,27,29,36,37,42,44,45,46,49,50,51,52,53,55,56,58,59,60,61,62,63,64,66,68,69,71,73,75,77,80,84},e=-133746779451552962546
87^22=>{9,10,11,12,13,15,16,20,22,27,33,34,35,36,38,41,42,44,46,47,50,56,59,61,68,70,71,80,83,84},e=-83603321418964768804
88^22=>{10,15,18,19,20,21,23,24,25,26,28,30,32,37,38,39,43,44,47,48,51,52,54,55,57,58,60,61,64,68,74,75,77,79,81,83,84},e=-542697365658278434330
89^22=>{9,15,16,17,23,24,26,28,30,34,38,39,41,43,44,45,46,47,49,51,52,54,56,57,58,59,60,62,63,64,65,67,70,71,75,81,85,86},e=-105289230392858976555
90^22=>{8,11,12,16,17,18,20,22,23,26,28,30,31,34,35,36,37,40,41,42,45,48,50,52,53,54,55,57,58,59,61,62,64,65,66,67,68,69,72,73,75,76,78,82,85,87},e=-51496732539684221932
91^22=>{8,10,11,15,17,18,19,21,24,25,26,27,28,32,33,34,36,37,38,39,42,43,44,46,48,49,51,55,57,59,61,63,64,66,67,68,69,71,72,76,77,84,86,88},e=-68509892205398010701
92^22=>{11,13,14,15,17,20,21,23,26,28,30,31,34,38,39,40,41,44,45,46,47,50,51,53,56,64,70,71,74,76,78,79,87,90},e=-58763274088452622944
