2^23=>{1},e=8388607
3^23=>{2,1},e=94134790218
4^23=>{3,2,1},e=70274592610228
5^23=>{4,3,2,1},e=11850466059333025
6^23=>{5,4,3,2,1},e=777738831202779591
7^23=>{6,5,4,3,2,1},e=26567025725176490302
8^23=>{7,6,5,4,3,2,1},e=562125341403720309328
9^23=>{8,7,6,5,4,3,2,1},e=8244471840338810101833
10^23=>{9,8,7,6,5,4,3,2,1},e=90518595601033807909975
11^23=>{10,9,8,7,6,5,4,3,2,1},e=785948838856271180156506
12^23=>{11,10,9,8,7,6,5,4,3,2,1},e=5619825619295033446783572
13^23=>{12,11,10,9,8,7,6,5,4,3,2,1},e=34124256498809675791589113
14^23=>{13,12,11,10,9,8,7,6,5,4,3,2,1},e=180202138558964938539718063
15^23=>{14,13,12,11,10,9,8,7,6,5,4,3,2,1},e=843304899186884119206136350
16^23=>{15,14,13,12,11,10,9,8,7,6,5,4,3,2,1},e=3550516763524640875540914496
17^23=>{16,15,14,13,12,11,10,9,8,7,6,5,4,3,2,1},e=13614565350101122478906986417
18^23=>{17,16,15,14,13,12,11,10,9,8,7,6,5,4,3,2,1},e=48027141162404002787107631823
19^23=>{18,17,16,15,14,13,12,11,10,9,8,7,6,5,4,3,2,1},e=157161341879667874208696145418
20^23=>{19,18,17,16,15,14,13,12,11,10,9,8,7,6,5,4,3,2,1},e=480362885989052419712244010900
21^23=>{20,19,18,17,16,15,14,13,12,11,10,9,8,7,6,5,4,3,2,1},e=1379222161097270711641319880561
22^23=>{21,20,19,18,17,16,15,14,13,12,11,10,9,8,7,6,5,4,3,2,1},e=3737473712893664390509396060087
23^23=>{22,21,20,19,18,17,16,15,14,13,12,11,10,9,8,7,6,5,4,3,2,1},e=9595115108715915899411973132958
24^23=>{23,22,21,20,19,18,17,16,15,14,13,12,11,10,9,8,7,6,5,4,3,2,1},e=23406503144448597016080302013648
25^23=>{24,23,22,21,20,19,18,17,16,15,14,13,12,11,10,9,8,7,6,5,4,3,2,1},e=54370402225611623819548366125625
26^23=>{25,24,23,22,21,20,19,18,17,16,15,14,13,12,11,10,9,8,7,6,5,4,3,2,1},e=120410452903772124732629968174951
27^23=>{26,25,24,23,22,21,20,19,18,17,16,15,14,13,12,11,10,9,8,7,6,5,4,3,2,1},e=254281331270451507981424678709082
28^23=>{27,26,25,24,23,22,21,20,19,18,17,16,15,14,13,12,11,10,9,8,7,6,5,4,3,2,1},e=511415374645566509291829134481268
