3^23=>{1,2},e=94134790218
4^23=>{1,2,3},e=70274592610228
5^23=>{1,2,3,4},e=11850466059333025
6^23=>{1,2,3,4,5},e=777738831202779591
7^23=>{1,2,3,4,5,6},e=26567025725176490302
8^23=>{1,2,3,4,5,6,7},e=562125341403720309328
9^23=>{1,2,3,4,5,6,7,8},e=8244471840338810101833
10^23=>{1,2,3,4,5,6,7,8,9},e=90518595601033807909975
11^23=>{1,2,3,4,5,6,7,8,9,10},e=785948838856271180156506
12^23=>{1,2,3,4,5,6,7,8,9,10,11},e=5619825619295033446783572
13^23=>{1,2,3,4,5,6,7,8,9,10,11,12},e=34124256498809675791589113
14^23=>{1,2,3,4,5,6,7,8,9,10,11,12,13},e=180202138558964938539718063
15^23=>{1,2,3,4,5,6,7,8,9,10,11,12,13,14},e=843304899186884119206136350
16^23=>{1,2,3,4,5,6,7,8,9,10,11,12,13,14,15},e=3550516763524640875540914496
17^23=>{1,2,3,4,5,6,7,8,9,10,11,12,13,14,15,16},e=13614565350101122478906986417
18^23=>{1,2,3,4,5,6,7,8,9,10,11,12,13,14,15,16,17},e=48027141162404002787107631823
19^23=>{1,2,3,4,5,6,7,8,9,10,11,12,13,14,15,16,17,18},e=157161341879667874208696145418
20^23=>{1,2,3,4,5,6,7,8,9,10,11,12,13,14,15,16,17,18,19},e=480362885989052419712244010900
21^23=>{1,2,3,4,5,6,7,8,9,10,11,12,13,14,15,16,17,18,19,20},e=1379222161097270711641319880561
22^23=>{1,2,3,4,5,6,7,8,9,10,11,12,13,14,15,16,17,18,19,20,21},e=3737473712893664390509396060087
23^23=>{1,2,3,4,5,6,7,8,9,10,11,12,13,14,15,16,17,18,19,20,21,22},e=9595115108715915899411973132958
24^23=>{1,2,3,4,5,6,7,8,9,10,11,12,13,14,15,16,17,18,19,20,21,22,23},e=23406503144448597016080302013648
25^23=>{1,2,3,4,5,6,7,8,9,10,11,12,13,14,15,16,17,18,19,20,21,22,23,24},e=54370402225611623819548366125625
26^23=>{1,2,3,4,5,6,7,8,9,10,11,12,13,14,15,16,17,18,19,20,21,22,23,24,25},e=120410452903772124732629968174951
27^23=>{1,2,3,4,5,6,7,8,9,10,11,12,13,14,15,16,17,18,19,20,21,22,23,24,25,26},e=254281331270451507981424678709082
28^23=>{1,2,3,4,5,6,7,8,9,10,11,12,13,14,15,16,17,18,19,20,21,22,23,24,25,26,27},e=511415374645566509291829134481268
29^23=>{1,2,3,4,5,6,7,8,9,10,11,12,13,14,15,16,17,18,19,20,21,22,23,24,25,26,27,28},e=976327332320430142324409280895753
30^23=>{1,2,3,4,5,6,7,8,9,10,11,12,13,14,15,16,17,18,19,20,21,22,23,24,25,26,27,28,29},e=1757203779521598600842772535415775
31^23=>{1,2,3,4,5,6,7,8,9,10,11,12,13,14,15,16,17,18,19,20,21,22,23,24,25,26,27,28,29,30},e=2941879658170878864981496779711166
32^23=>{1,2,3,4,5,6,7,8,9,10,11,12,13,14,15,16,17,18,19,20,21,22,23,24,25,26,27,28,29,30,31},e=4453631238350939364948018924881152
33^23=>{1,2,3,4,5,6,7,8,9,10,11,12,13,14,15,16,17,18,19,20,21,22,23,24,25,26,27,28,29,30,31,32},e=5675531019675619848198812320758753
34^23=>{1,2,3,4,5,6,7,8,9,10,11,12,13,14,15,16,17,18,19,20,21,22,23,24,25,26,27,28,29,30,31,32,33},e=4578340206213183015058742106557983
35^23=>{29,30,31,32,33,34},e=-820590222372636787054413872495914
36^23=>{29,32,33,34,35},e=-240920752506121978116958053664417
37^23=>{23,24,27,28,30,32,34,35,36},e=-1095981177257042822697590424376
38^23=>{25,32,35,36,37},e=-6686798667618523204265970148705
39^23=>{31,33,34,35,37,38},e=-1282422740645879781333041185065313
40^23=>{28,29,31,32,33,34,36,38,39},e=-69540467817522413583174310210988
41^23=>{26,28,29,31,33,34,37,39,40},e=-4149481896672739743155915696800
42^23=>{32,35,36,37,40,41},e=-2987503196633614598055962520946385
43^23=>{26,27,28,31,32,33,34,36,38,41,42},e=-2475010898737417531220909340841
44^23=>{28,35,38,39,40,41,43},e=-15062502470450153515033788588862
45^23=>{25,26,27,28,29,30,31,32,35,37,40,41,42,44},e=-10625577015441344307543106980380
46^23=>{22,23,24,25,27,28,29,30,32,35,37,38,40,42,43,45},e=-2354373348381415409181579510840
47^23=>{24,28,30,35,38,39,45,46},e=-4633730761880771618445507261880
48^23=>{24,25,26,28,30,31,33,35,36,38,40,44,45,47},e=-2010741316015250637978142782248
49^23=>{22,23,24,25,26,30,32,33,34,37,38,40,41,42,44,46,48},e=-1394501787060461088972416704646
50^23=>{25,27,28,29,30,33,34,35,41,43,45,47,49},e=-8384754300132328389036185140190
51^23=>{22,23,26,28,31,32,33,34,36,39,40,42,44,45,46,47,48,49},e=-2703118213561412671333808729864
52^23=>{22,27,30,32,33,36,37,38,39,42,43,44,46,47,48,51},e=-573266428318141528456814224709
53^23=>{18,20,21,22,23,24,25,27,30,31,35,36,37,38,39,41,42,43,44,45,46,50,52},e=-30638226828754165880136460498
54^23=>{21,23,25,26,27,28,30,32,37,39,43,46,47,49,50,53},e=-1184237821257525273632187532932
55^23=>{21,23,26,28,29,31,32,33,35,36,39,41,43,44,46,47,48,49,51,54},e=-374616159796015654083038951243
56^23=>{16,17,20,21,22,24,26,27,28,29,30,33,34,35,36,38,39,40,42,43,45,49,53,55},e=-170022686561933415677243510
57^23=>{17,18,19,21,22,25,26,27,28,32,33,35,37,40,41,45,46,47,50,51,52,54,55},e=-11631662509013402221495545092
58^23=>{22,23,28,30,31,33,35,36,37,40,41,42,44,45,46,47,48,49,52,53,55,56},e=-143411343112120590120409635361
59^23=>{18,21,22,23,24,25,27,28,31,32,33,34,35,37,40,42,44,46,47,48,50,53,55,58},e=-5711736838071167596310183128
60^23=>{20,21,24,27,29,30,35,36,40,41,44,45,50,51,53,55,57,58},e=-98159967471795660275019335126
61^23=>{16,17,20,26,29,30,34,35,38,39,40,41,42,43,45,46,48,49,55,57,60},e=-177864921370782465018612149
62^23=>{20,21,22,23,26,30,32,35,36,38,39,43,47,48,49,50,51,53,54,58,61},e=-2517092544225568739650178070
63^23=>{16,18,20,25,27,28,29,33,34,37,39,40,42,47,53,56,59,62},e=-1420451791573626726184421654
64^23=>{17,19,23,24,28,29,32,34,36,38,39,40,41,43,44,47,48,51,52,54,56,58,61,62},e=-1800341759940086848751223066
65^23=>{16,18,19,22,25,26,27,28,29,30,33,35,37,38,39,40,42,45,47,48,49,52,53,54,55,57,58,62,63},e=-586020449659312227130448972
66^23=>{15,16,17,18,19,21,22,23,25,27,29,31,32,33,35,38,39,40,41,42,43,45,46,47,51,53,55,56,57,59,60,62,64},e=-479357590653100073806806877
67^23=>{14,16,19,20,22,24,28,30,32,40,42,47,49,50,52,54,55,56,57,58,59,64,65},e=-108487668329745270370604404
68^23=>{14,15,17,22,24,25,26,27,28,29,32,33,34,37,42,43,45,46,47,49,50,51,52,54,56,59,60,63,67},e=-45583057710711393396772415
69^23=>{13,15,16,17,19,20,22,27,28,33,37,40,41,42,45,46,48,49,50,51,52,53,54,57,58,59,60,64,68},e=-7624739242423152218924375
70^23=>{13,15,16,18,19,20,23,25,26,27,28,31,33,36,40,45,47,51,56,58,59,62,64,66,68},e=-13699929730422761629349652
71^23=>{16,18,21,22,23,24,25,30,31,32,33,35,38,40,44,46,50,52,53,54,56,59,60,62,64,66,67,68},e=-65848268746476153238847612
72^23=>{14,15,20,21,23,24,26,28,32,36,37,38,39,40,41,45,46,47,48,50,51,52,56,58,59,60,61,64,65,66,68,69},e=-62868438620499917395354069
73^23=>{14,15,19,21,22,26,27,29,30,32,33,36,38,40,41,44,46,47,50,51,52,53,54,57,58,59,61,63,64,65,66,67,68,70},e=-1366860497060111184328787
74^23=>{14,16,17,19,22,23,24,28,31,34,36,37,40,42,43,44,46,47,51,53,54,56,57,58,60,61,63,66,68,73},e=-11693352063696283259655807
75^23=>{13,14,16,17,20,22,23,25,26,27,28,30,31,32,34,35,39,41,43,46,50,55,63,66,72,73},e=-6339201584237933367564530
76^23=>{11,12,13,15,17,18,19,21,22,24,25,26,28,29,30,31,32,36,38,39,41,43,44,45,46,49,52,54,56,57,59,60,62,63,65,66,67,69,75},e=-312313900770609725680765
77^23=>{10,12,16,18,21,22,23,27,28,30,33,35,36,39,40,42,45,46,47,49,51,52,55,57,59,60,61,62,64,65,74,75},e=-51953643380159217263825
78^23=>{14,15,16,17,18,19,20,22,23,24,27,30,32,41,43,46,47,49,51,54,55,57,59,61,67,71,74,76},e=-139670848230294711266310
79^23=>{13,14,16,17,18,19,20,25,27,29,30,34,35,38,40,44,46,47,49,52,53,55,57,58,60,63,67,74,78},e=-3561278953902487643512693
80^23=>{10,13,14,15,18,19,20,21,27,28,30,31,32,37,38,39,43,45,46,48,50,51,52,53,56,57,62,64,66,68,72,76,78},e=-85128742215091269935787
81^23=>{13,14,16,17,20,21,22,23,24,27,30,33,36,37,39,40,42,43,44,46,47,48,51,54,56,57,59,61,62,66,68,69,72,74,80},e=-2885179298206066877220908
82^23=>{11,14,15,18,19,20,21,22,25,26,32,33,43,44,47,49,50,53,54,58,60,61,62,64,65,66,68,72,73,74,81},e=-163167285280925672133940
83^23=>{12,13,14,16,17,18,19,20,21,23,24,25,30,33,34,35,38,39,40,43,44,45,47,48,50,51,54,57,59,61,64,65,68,70,71,77,82},e=-113757597903430412224678
84^23=>{10,16,17,18,20,22,23,24,25,27,29,31,36,37,39,40,42,44,45,46,47,49,52,53,57,62,66,67,71,72,73,80,82},e=-18991841707300303080306
85^23=>{13,15,18,19,20,21,22,27,29,30,31,32,34,36,37,44,45,46,51,53,55,56,59,60,61,62,64,66,72,73,74,78,84},e=-335462853066441878685928
86^23=>{9,10,14,16,17,18,21,24,25,27,28,30,32,47,50,51,52,53,54,55,56,57,60,61,62,63,65,67,69,70,72,75,79,82,83},e=-6003869546770942040948
87^23=>{10,15,16,17,18,19,20,24,26,30,32,37,38,39,40,41,46,48,52,55,56,59,60,62,63,64,66,67,72,74,79,80,82,84},e=-41277724767110179373572
88^23=>{9,13,16,17,19,20,24,26,27,32,36,40,41,42,45,47,50,52,53,55,57,58,59,60,61,63,64,65,66,71,74,78,82,83,85},e=-1695278470264354950990
89^23=>{11,14,15,20,25,28,30,33,35,37,38,41,42,45,46,49,50,54,55,56,57,64,67,68,72,78,85,87},e=-27084156686187675506329
90^23=>{11,13,14,17,18,19,20,22,23,25,26,29,30,31,32,33,35,37,38,40,43,44,45,50,55,56,59,60,62,64,65,66,67,68,70,73,75,78,84,85,87},e=-6018354355452827590527
91^23=>{9,10,12,16,17,19,22,23,24,26,27,28,32,33,34,40,41,43,46,50,51,52,58,60,62,63,65,66,68,71,76,81,82,87,88},e=-557186147316929155347
92^23=>{9,10,11,14,15,19,24,25,26,28,31,38,40,41,42,44,48,50,52,54,56,57,58,60,62,63,64,66,67,68,70,72,73,74,76,78,81,83,85,87,88},e=-1476252143515304389123
93^23=>{8,10,17,20,21,23,25,26,28,29,32,33,34,36,38,41,42,45,46,49,50,51,55,57,59,60,62,63,65,69,71,73,74,79,81,82,84,85,88,89},e=-462962702599613034671
94^23=>{8,9,10,13,16,19,22,23,24,27,29,31,33,36,37,38,39,41,43,44,48,49,50,51,52,53,54,55,59,60,61,62,65,66,68,70,71,73,74,75,76,80,83,89,92},e=-97746485686892577464
95^23=>{9,11,15,16,17,19,22,23,25,26,28,40,42,43,45,46,48,49,52,53,54,56,58,60,62,63,65,66,67,69,70,71,72,73,74,75,77,79,80,81,82,83,85,86,90,91},e=-1475468073140966207033
96^23=>{9,11,12,16,17,18,23,24,26,27,29,32,36,37,38,39,42,43,44,47,48,49,50,51,52,56,57,59,60,61,62,63,65,69,74,75,76,78,79,82,83,87,88,91,92},e=-1623169546099308035235
97^23=>{8,12,13,15,17,18,19,20,23,26,27,28,29,30,34,35,38,39,43,48,50,53,54,55,63,66,69,71,72,76,81,86,92,95},e=-201454494110311614442
98^23=>{8,9,10,11,12,13,14,15,16,18,19,20,21,25,27,30,31,33,36,37,41,44,49,50,51,52,53,54,56,58,59,61,62,65,70,71,72,75,76,79,80,85,87,88,97},e=-230898123052034881834
99^23=>{8,11,12,14,18,19,20,22,24,25,28,29,31,32,33,38,43,46,48,50,53,54,57,58,59,60,62,63,64,67,68,69,70,71,73,74,75,76,77,79,80,81,83,84,85,89,92,93,95},e=-517330599522025954417
100^23=>{8,13,15,17,19,20,21,27,28,30,32,33,37,38,41,42,44,45,49,50,51,54,55,56,58,60,64,67,69,71,73,75,78,79,84,86,88,96,97},e=-19997220682864631818
101^23=>{12,13,17,18,19,21,22,27,33,39,50,52,53,54,55,57,59,60,62,68,69,72,73,75,76,81,82,83,86,87,91,92,96,97},e=-280261983140539310780
102^23=>{10,11,13,15,17,22,23,24,26,28,30,32,33,34,35,36,43,46,47,51,53,57,59,60,62,63,64,66,67,68,69,70,72,74,81,89,94,101},e=-24719215439777939967
