2^24=>{1},e=16777215
3^24=>{2,1},e=282412759264
4^24=>{3,2,1},e=281192530396958
5^24=>{4,3,2,1},e=59322887352366271
6^24=>{5,4,3,2,1},e=4678494936123201917
7^24=>{6,5,4,3,2,1},e=186782963640046382526
8^24=>{7,6,5,4,3,2,1},e=4525986983748558767420
9^24=>{8,7,6,5,4,3,2,1},e=74847697094881778203389
10^24=>{9,8,7,6,5,4,3,2,1},e=915314810941136758476667
11^24=>{10,9,8,7,6,5,4,3,2,1},e=8765047486748747853188508
12^24=>{11,10,9,8,7,6,5,4,3,2,1},e=68562429338524369797206362
13^24=>{12,11,10,9,8,7,6,5,4,3,2,1},e=452369505306113194301918651
14^24=>{13,12,11,10,9,8,7,6,5,4,3,2,1},e=2580967664975113105509815545
15^24=>{14,13,12,11,10,9,8,7,6,5,4,3,2,1},e=12986680460167863806470530938
16^24=>{15,14,13,12,11,10,9,8,7,6,5,4,3,2,1},e=58546618582375736251088700024
17^24=>{16,15,14,13,12,11,10,9,8,7,6,5,4,3,2,1},e=239538964868458965707504916473
18^24=>{17,16,15,14,13,12,11,10,9,8,7,6,5,4,3,2,1},e=898900467291629858860234665207
19^24=>{18,17,16,15,14,13,12,11,10,9,8,7,6,5,4,3,2,1},e=3121145708147687271697053977176
20^24=>{19,18,17,16,15,14,13,12,11,10,9,8,7,6,5,4,3,2,1},e=10100835846225993636264463421334
21^24=>{20,19,18,17,16,15,14,13,12,11,10,9,8,7,6,5,4,3,2,1},e=30654602223498577766775056684215
22^24=>{21,20,19,18,17,16,15,14,13,12,11,10,9,8,7,6,5,4,3,2,1},e=87689298113235675285730884373109
23^24=>{22,21,20,19,18,17,16,15,14,13,12,11,10,9,8,7,6,5,4,3,2,1},e=237437876821173120515942612886838
24^24=>{23,22,21,20,19,18,17,16,15,14,13,12,11,10,9,8,7,6,5,4,3,2,1},e=610672125678453291384692571844532
25^24=>{24,23,22,21,20,19,18,17,16,15,14,13,12,11,10,9,8,7,6,5,4,3,2,1},e=1495914250778385971842150964047605
