3^24=>{1,2},e=282412759264
4^24=>{1,2,3},e=281192530396958
5^24=>{1,2,3,4},e=59322887352366271
6^24=>{1,2,3,4,5},e=4678494936123201917
7^24=>{1,2,3,4,5,6},e=186782963640046382526
8^24=>{1,2,3,4,5,6,7},e=4525986983748558767420
9^24=>{1,2,3,4,5,6,7,8},e=74847697094881778203389
10^24=>{1,2,3,4,5,6,7,8,9},e=915314810941136758476667
11^24=>{1,2,3,4,5,6,7,8,9,10},e=8765047486748747853188508
12^24=>{1,2,3,4,5,6,7,8,9,10,11},e=68562429338524369797206362
13^24=>{1,2,3,4,5,6,7,8,9,10,11,12},e=452369505306113194301918651
14^24=>{1,2,3,4,5,6,7,8,9,10,11,12,13},e=2580967664975113105509815545
15^24=>{1,2,3,4,5,6,7,8,9,10,11,12,13,14},e=12986680460167863806470530938
16^24=>{1,2,3,4,5,6,7,8,9,10,11,12,13,14,15},e=58546618582375736251088700024
17^24=>{1,2,3,4,5,6,7,8,9,10,11,12,13,14,15,16},e=239538964868458965707504916473
18^24=>{1,2,3,4,5,6,7,8,9,10,11,12,13,14,15,16,17},e=898900467291629858860234665207
19^24=>{1,2,3,4,5,6,7,8,9,10,11,12,13,14,15,16,17,18},e=3121145708147687271697053977176
20^24=>{1,2,3,4,5,6,7,8,9,10,11,12,13,14,15,16,17,18,19},e=10100835846225993636264463421334
21^24=>{1,2,3,4,5,6,7,8,9,10,11,12,13,14,15,16,17,18,19,20},e=30654602223498577766775056684215
22^24=>{1,2,3,4,5,6,7,8,9,10,11,12,13,14,15,16,17,18,19,20,21},e=87689298113235675285730884373109
23^24=>{1,2,3,4,5,6,7,8,9,10,11,12,13,14,15,16,17,18,19,20,21,22},e=237437876821173120515942612886838
24^24=>{1,2,3,4,5,6,7,8,9,10,11,12,13,14,15,16,17,18,19,20,21,22,23},e=610672125678453291384692571844532
25^24=>{1,2,3,4,5,6,7,8,9,10,11,12,13,14,15,16,17,18,19,20,21,22,23,24},e=1495914250778385971842150964047605
26^24=>{1,2,3,4,5,6,7,8,9,10,11,12,13,14,15,16,17,18,19,20,21,22,23,24,25},e=3497172662714599069930722324361331
27^24=>{1,2,3,4,5,6,7,8,9,10,11,12,13,14,15,16,17,18,19,20,21,22,23,24,25,26},e=7812200668579343568171242126944020
28^24=>{1,2,3,4,5,6,7,8,9,10,11,12,13,14,15,16,17,18,19,20,21,22,23,24,25,26,27},e=16680724219744724672406281545955794
29^24=>{1,2,3,4,5,6,7,8,9,10,11,12,13,14,15,16,17,18,19,20,21,22,23,24,25,26,27,28},e=34014979752390322168059344018301363
30^24=>{1,2,3,4,5,6,7,8,9,10,11,12,13,14,15,16,17,18,19,20,21,22,23,24,25,26,27,28,29},e=66074714603924207465091878399382001
31^24=>{1,2,3,4,5,6,7,8,9,10,11,12,13,14,15,16,17,18,19,20,21,22,23,24,25,26,27,28,29,30},e=121628302607451895653392329972539122
32^24=>{1,2,3,4,5,6,7,8,9,10,11,12,13,14,15,16,17,18,19,20,21,22,23,24,25,26,27,28,29,30,31},e=210030976461312392180598487106569456
33^24=>{1,2,3,4,5,6,7,8,9,10,11,12,13,14,15,16,17,18,19,20,21,22,23,24,25,26,27,28,29,30,31,32},e=333430418981584090184362610438051825
34^24=>{1,2,3,4,5,6,7,8,9,10,11,12,13,14,15,16,17,18,19,20,21,22,23,24,25,26,27,28,29,30,31,32,33},e=464723230359625082937077692482023919
35^24=>{1,2,3,4,5,6,7,8,9,10,11,12,13,14,15,16,17,18,19,20,21,22,23,24,25,26,27,28,29,30,31,32,33,34},e=493847113313709709361217713225784272
36^24=>{1,2,3,4,5,6,7,8,9,10,11,12,13,14,15,16,17,18,19,20,21,22,23,24,25,26,27,28,29,30,31,32,33,34,35},e=107842336527106175098262516217677838
37^24=>{26,27,28,30,31,33,34,35,36},e=-1393557282192858568963763241384931
38^24=>{30,31,32,33,35,36,37},e=-32967862416813928791903525802839684
39^24=>{1,2,3,4,5,6,7,8,9,10,11,12,13,14,15,16,17,18,19,20,21,22,23,24,25,26,27,28,29,30,31,32,33,36,37,38},e=97570885093442222606414748195501711
40^24=>{33,37,38,39},e=-132709638513842712151295354797433059
41^24=>{1,2,3,4,5,6,7,8,9,10,11,12,13,14,15,16,17,18,19,20,21,22,23,24,25,26,28,33,34,36,37,39,40},e=132391986125383764471154043977809
42^24=>{1,2,3,4,5,6,7,8,9,10,11,12,13,14,15,16,17,18,19,20,21,22,23,24,25,26,27,28,29,30,31,35,36,38,40,41},e=20670506704716950612877158753692238
43^24=>{19,22,23,26,32,33,36,39,41,42},e=-829516696001245097276242931204
44^24=>{27,29,32,33,34,36,38,39,42,43},e=-381391786556201580633411565605349
45^24=>{1,2,3,4,5,6,7,8,9,10,11,12,13,14,15,16,17,18,19,20,21,22,23,24,25,26,28,31,32,33,37,38,39,40,41,42,44},e=257745103710391962152826811534639
46^24=>{1,2,3,4,5,6,7,8,9,10,11,12,13,14,15,16,17,18,19,20,21,22,23,26,27,31,32,34,40,41,42,43,45},e=198410397469880550255984474908879
47^24=>{1,2,3,4,5,6,7,8,9,10,11,12,13,14,15,16,17,18,19,20,22,26,28,29,30,31,33,36,39,41,45,46},e=15263455677397376088254388797905
48^24=>{1,2,3,4,5,6,7,8,9,10,11,12,13,14,15,16,17,18,19,20,21,22,24,25,29,31,34,39,40,42,44,45,47},e=79226344028761573288924576178735
49^24=>{22,23,24,29,31,32,35,36,40,41,47,48},e=-9897972508506829371798820839749
50^24=>{1,2,3,4,5,6,7,8,9,10,11,12,13,14,15,16,17,18,19,20,21,22,24,26,30,31,32,34,38,39,40,48,49},e=35329717491879288113240260279218
51^24=>{1,2,3,4,5,6,7,8,9,10,11,12,13,14,15,16,17,18,19,20,21,22,23,24,25,27,28,32,33,35,36,38,39,40,42,43,44,46,48,50},e=1719549025326663711663839186762479
52^24=>{1,2,3,4,5,6,7,8,9,10,11,12,13,14,15,16,17,18,19,22,23,24,27,29,31,35,36,37,40,43,45,47,49,51},e=4130154182790892114555015545323
53^24=>{24,25,26,27,28,30,32,33,34,35,37,39,43,45,48,50,52},e=-98550373051499039921002975733511
54^24=>{23,24,25,28,29,35,40,42,43,44,45,46,48,51,53},e=-17128340167837239674772637829320
55^24=>{25,29,31,34,35,36,39,40,42,45,47,49,52,54},e=-115412288173416712678318640229095
56^24=>{20,21,22,23,24,25,30,33,34,36,42,44,47,48,49,53,55},e=-2874481275569922677163761657352
57^24=>{20,21,23,24,27,30,32,39,41,44,45,47,50,51,53,54,55},e=-123202041510946661496664824681
58^24=>{17,19,20,21,25,26,27,29,30,31,32,34,36,39,42,49,50,53,54,57},e=-102999404801894781236591434475
59^24=>{18,19,20,21,22,23,28,29,30,31,33,34,38,40,41,42,44,45,51,52,53,54,56,57},e=-132724276717128704208559564394
60^24=>{1,2,3,4,5,6,7,8,9,10,11,12,13,14,15,16,17,18,19,20,22,23,25,27,30,34,35,38,40,42,44,46,49,53,54,56,59},e=484681644589339955552744116431
61^24=>{1,2,3,4,5,6,7,8,9,10,11,12,13,14,15,16,17,18,19,20,23,24,25,26,27,28,29,35,37,38,40,41,42,43,47,48,51,52,55,56,58,59},e=306970660803705297764542597707
62^24=>{16,18,20,22,23,24,26,27,31,32,33,35,36,38,39,41,45,46,49,50,54,55,56,57,61},e=-4913977754784983001416919564
63^24=>{1,2,3,4,5,6,7,8,9,10,11,12,13,14,15,16,17,18,19,20,21,23,24,27,29,32,36,37,38,39,40,41,42,49,51,60,62},e=18898801863320250298125727150
64^24=>{1,2,3,4,5,6,7,8,9,10,11,12,13,14,16,17,21,26,27,28,29,30,32,34,37,38,42,44,47,48,49,52,53,54,56,58,59,63},e=1235001852261625045145954671
65^24=>{1,2,3,4,5,6,7,8,9,10,11,12,13,14,15,16,17,18,27,30,32,33,37,38,39,40,44,49,50,52,54,55,56,59,60,61,63},e=221100711643015709886729663151
66^24=>{1,2,3,4,5,6,7,8,9,10,11,12,13,14,15,16,18,20,21,24,26,27,28,32,35,37,40,43,45,46,48,49,50,51,52,53,57,58,59,61,65},e=116809352086597159652364753899
67^24=>{1,2,3,4,5,6,7,8,9,10,11,12,15,17,20,21,22,23,24,27,28,29,31,37,38,40,48,51,53,55,56,57,58,59,60,61,66},e=12653464307825864354089261
68^24=>{13,14,16,17,18,20,21,22,25,27,28,31,32,35,42,44,48,49,52,53,54,56,57,59,64,67},e=-187846591847644016180432172
69^24=>{1,2,3,4,5,6,7,8,9,10,11,12,14,16,17,26,29,30,32,34,36,38,42,46,50,51,54,58,60,62,64,68},e=59533053496660513368092984
70^24=>{1,2,3,4,5,6,7,8,9,10,11,12,19,23,24,28,30,32,34,35,36,37,39,46,50,51,53,59,60,63,65,69},e=159092529980217998503279535
71^24=>{1,2,3,4,5,6,7,8,9,10,11,12,13,14,17,19,20,21,22,23,25,27,28,29,30,32,33,40,42,43,44,45,46,49,51,55,56,58,59,60,61,62,63,64,67,69},e=97904780862733148956319624
72^24=>{18,21,22,23,26,27,29,31,33,35,37,44,46,49,50,51,54,56,57,63,64,67,71},e=-391948624227060306368708910
73^24=>{14,15,19,20,23,24,26,28,29,30,31,32,33,36,37,39,41,42,44,45,48,49,50,51,52,54,55,56,57,58,59,60,62,68,69,71},e=-931932111411785232195091248
74^24=>{1,2,3,4,5,6,7,8,9,10,11,12,14,20,22,23,25,27,29,30,31,33,35,39,42,43,44,47,49,50,56,58,60,63,69,70,72},e=119728163336155128275194093
75^24=>{13,14,15,20,21,24,25,26,28,29,39,42,44,45,48,49,51,52,55,56,59,61,63,66,69,71,73},e=-67189280288483569704918127
76^24=>{14,17,20,22,23,26,28,29,30,33,37,40,41,42,46,47,49,53,54,55,56,59,61,62,63,64,67,73,74},e=-132924826147432538663529359
77^24=>{1,2,3,4,5,6,7,8,9,10,12,14,15,16,18,19,20,22,24,25,26,29,33,35,36,37,39,42,43,44,45,47,48,49,52,53,57,58,62,66,68,74,75},e=3889288594617071382267661
78^24=>{18,20,21,22,23,24,26,27,28,29,32,34,36,37,39,40,42,43,49,50,52,54,56,58,63,67,68,69,73,74,75},e=-30526252103740770518820941
79^24=>{10,13,15,17,18,20,24,25,28,29,30,32,33,36,42,43,44,45,49,50,53,57,60,61,62,63,64,66,68,70,73,78},e=-178981831684154720251917
80^24=>{13,14,15,17,20,21,27,28,29,31,33,34,37,40,42,43,47,49,50,52,53,54,56,57,58,59,60,61,64,65,66,68,69,72,74,76,77},e=-848047339955396326741171
81^24=>{1,2,3,4,5,6,7,8,9,10,14,15,16,17,18,19,20,23,24,25,26,28,30,33,34,35,36,37,39,41,44,48,49,50,53,54,55,57,59,60,62,63,65,70,72,75,80},e=1935097543785645060207018
82^24=>{1,2,3,4,5,6,7,8,9,10,12,15,18,21,24,28,30,32,33,34,37,39,40,43,44,46,47,48,49,50,53,55,56,57,58,59,60,61,63,65,67,71,73,75,77,80},e=4228532866727226385619911
83^24=>{11,12,13,15,16,18,19,20,21,22,23,25,28,30,31,35,37,38,40,41,44,47,49,50,52,54,57,58,59,60,62,63,64,67,69,72,78,79,80},e=-1763329501236428977530194
84^24=>{1,2,3,4,5,6,7,8,9,12,13,14,15,16,19,23,25,27,28,29,31,36,38,39,41,43,47,48,50,53,54,56,58,59,63,65,66,69,70,71,74,76,78,79,81},e=268266771765379793080167
85^24=>{1,2,3,4,5,6,7,8,9,10,11,12,16,18,19,21,23,24,28,31,34,36,42,44,45,46,47,50,52,55,57,58,61,62,66,71,72,73,74,75,76,77,78,83},e=107961554522279005723277
86^24=>{10,14,16,18,25,27,28,29,30,32,33,34,35,39,40,41,42,44,45,47,48,50,52,56,62,65,67,70,72,73,74,76,77,81,84},e=-150392392901775632687630
87^24=>{1,2,3,4,5,6,7,8,9,10,12,14,15,16,23,25,26,27,28,29,31,32,35,36,37,38,39,40,48,51,54,55,59,69,70,73,75,80,82,85},e=241466879073989296757772
88^24=>{10,12,13,17,18,19,21,22,23,25,29,34,36,37,44,46,47,50,51,52,53,56,58,61,64,65,70,74,75,76,77,78,79,82,83,84},e=-58884107882088843806769
89^24=>{10,16,17,19,20,21,23,25,26,27,34,37,39,40,41,42,44,49,50,51,53,54,55,56,57,58,59,60,63,64,66,68,73,75,76,77,78,83,84,86},e=-55193005642385259990611
90^24=>{1,2,3,4,5,6,7,8,9,11,13,14,15,16,17,18,19,21,22,25,28,29,31,35,36,37,42,45,46,47,48,50,51,52,53,56,59,60,61,62,63,64,66,67,68,70,72,73,80,83,84,85,86},e=31400063955192822589637
91^24=>{1,2,3,4,5,6,7,8,12,14,16,19,24,28,29,30,33,35,36,39,40,41,42,47,50,53,55,56,60,61,62,63,64,65,66,69,70,72,73,77,78,79,81,82,90},e=31039896820289868019116
92^24=>{1,2,3,4,5,6,7,8,9,10,13,16,20,22,23,24,27,28,30,33,37,38,41,42,43,44,47,49,52,53,55,57,59,60,62,63,67,72,73,74,75,76,78,80,82,84,85,90},e=5834221865046929473673
93^24=>{8,9,11,13,18,19,21,23,24,25,26,29,30,33,36,37,41,42,44,45,49,50,55,56,57,58,61,62,63,66,67,68,69,71,78,79,81,85,86,87,90},e=-2055321711106080307863
94^24=>{1,2,3,4,5,6,7,9,10,11,13,14,18,23,24,26,28,30,31,36,37,38,39,40,42,44,46,48,49,54,58,62,63,64,65,73,74,75,77,78,79,80,81,84,85,86,87,88,89},e=386696216586232109930
95^24=>{1,2,3,4,5,6,7,10,11,13,14,19,20,24,25,26,27,28,29,30,32,33,34,36,37,38,40,41,43,44,52,54,57,59,60,63,65,67,68,69,71,75,78,80,82,87,91,92},e=2065161025712548903657
3^24=>{1,2},e=282412759264
4^24=>{1,2,3},e=281192530396958
5^24=>{1,2,3,4},e=59322887352366271
6^24=>{1,2,3,4,5},e=4678494936123201917
7^24=>{1,2,3,4,5,6},e=186782963640046382526
8^24=>{1,2,3,4,5,6,7},e=4525986983748558767420
9^24=>{1,2,3,4,5,6,7,8},e=74847697094881778203389
10^24=>{1,2,3,4,5,6,7,8,9},e=915314810941136758476667
11^24=>{1,2,3,4,5,6,7,8,9,10},e=8765047486748747853188508
12^24=>{1,2,3,4,5,6,7,8,9,10,11},e=68562429338524369797206362
13^24=>{1,2,3,4,5,6,7,8,9,10,11,12},e=452369505306113194301918651
14^24=>{1,2,3,4,5,6,7,8,9,10,11,12,13},e=2580967664975113105509815545
15^24=>{1,2,3,4,5,6,7,8,9,10,11,12,13,14},e=12986680460167863806470530938
16^24=>{1,2,3,4,5,6,7,8,9,10,11,12,13,14,15},e=58546618582375736251088700024
17^24=>{1,2,3,4,5,6,7,8,9,10,11,12,13,14,15,16},e=239538964868458965707504916473
18^24=>{1,2,3,4,5,6,7,8,9,10,11,12,13,14,15,16,17},e=898900467291629858860234665207
19^24=>{1,2,3,4,5,6,7,8,9,10,11,12,13,14,15,16,17,18},e=3121145708147687271697053977176
20^24=>{1,2,3,4,5,6,7,8,9,10,11,12,13,14,15,16,17,18,19},e=10100835846225993636264463421334
21^24=>{1,2,3,4,5,6,7,8,9,10,11,12,13,14,15,16,17,18,19,20},e=30654602223498577766775056684215
22^24=>{1,2,3,4,5,6,7,8,9,10,11,12,13,14,15,16,17,18,19,20,21},e=87689298113235675285730884373109
23^24=>{1,2,3,4,5,6,7,8,9,10,11,12,13,14,15,16,17,18,19,20,21,22},e=237437876821173120515942612886838
24^24=>{1,2,3,4,5,6,7,8,9,10,11,12,13,14,15,16,17,18,19,20,21,22,23},e=610672125678453291384692571844532
25^24=>{1,2,3,4,5,6,7,8,9,10,11,12,13,14,15,16,17,18,19,20,21,22,23,24},e=1495914250778385971842150964047605
26^24=>{1,2,3,4,5,6,7,8,9,10,11,12,13,14,15,16,17,18,19,20,21,22,23,24,25},e=3497172662714599069930722324361331
27^24=>{1,2,3,4,5,6,7,8,9,10,11,12,13,14,15,16,17,18,19,20,21,22,23,24,25,26},e=7812200668579343568171242126944020
28^24=>{1,2,3,4,5,6,7,8,9,10,11,12,13,14,15,16,17,18,19,20,21,22,23,24,25,26,27},e=16680724219744724672406281545955794
29^24=>{1,2,3,4,5,6,7,8,9,10,11,12,13,14,15,16,17,18,19,20,21,22,23,24,25,26,27,28},e=34014979752390322168059344018301363
30^24=>{1,2,3,4,5,6,7,8,9,10,11,12,13,14,15,16,17,18,19,20,21,22,23,24,25,26,27,28,29},e=66074714603924207465091878399382001
31^24=>{1,2,3,4,5,6,7,8,9,10,11,12,13,14,15,16,17,18,19,20,21,22,23,24,25,26,27,28,29,30},e=121628302607451895653392329972539122
32^24=>{1,2,3,4,5,6,7,8,9,10,11,12,13,14,15,16,17,18,19,20,21,22,23,24,25,26,27,28,29,30,31},e=210030976461312392180598487106569456
33^24=>{1,2,3,4,5,6,7,8,9,10,11,12,13,14,15,16,17,18,19,20,21,22,23,24,25,26,27,28,29,30,31,32},e=333430418981584090184362610438051825
34^24=>{1,2,3,4,5,6,7,8,9,10,11,12,13,14,15,16,17,18,19,20,21,22,23,24,25,26,27,28,29,30,31,32,33},e=464723230359625082937077692482023919
35^24=>{1,2,3,4,5,6,7,8,9,10,11,12,13,14,15,16,17,18,19,20,21,22,23,24,25,26,27,28,29,30,31,32,33,34},e=493847113313709709361217713225784272
36^24=>{1,2,3,4,5,6,7,8,9,10,11,12,13,14,15,16,17,18,19,20,21,22,23,24,25,26,27,28,29,30,31,32,33,34,35},e=107842336527106175098262516217677838
37^24=>{26,27,28,30,31,33,34,35,36},e=-1393557282192858568963763241384931
38^24=>{30,31,32,33,35,36,37},e=-32967862416813928791903525802839684
39^24=>{1,2,3,4,5,6,7,8,9,10,11,12,13,14,15,16,17,18,19,20,21,22,23,24,25,26,27,28,29,30,31,32,33,36,37,38},e=97570885093442222606414748195501711
40^24=>{33,37,38,39},e=-132709638513842712151295354797433059
41^24=>{1,2,3,4,5,6,7,8,9,10,11,12,13,14,15,16,17,18,19,20,21,22,23,24,25,26,28,33,34,36,37,39,40},e=132391986125383764471154043977809
42^24=>{1,2,3,4,5,6,7,8,9,10,11,12,13,14,15,16,17,18,19,20,21,22,23,24,25,26,27,28,29,30,31,35,36,38,40,41},e=20670506704716950612877158753692238
43^24=>{19,22,23,26,32,33,36,39,41,42},e=-829516696001245097276242931204
44^24=>{27,29,32,33,34,36,38,39,42,43},e=-381391786556201580633411565605349
45^24=>{1,2,3,4,5,6,7,8,9,10,11,12,13,14,15,16,17,18,19,20,21,22,23,24,25,26,28,31,32,33,37,38,39,40,41,42,44},e=257745103710391962152826811534639
46^24=>{1,2,3,4,5,6,7,8,9,10,11,12,13,14,15,16,17,18,19,20,21,22,23,26,27,31,32,34,40,41,42,43,45},e=198410397469880550255984474908879
47^24=>{1,2,3,4,5,6,7,8,9,10,11,12,13,14,15,16,17,18,19,20,22,26,28,29,30,31,33,36,39,41,45,46},e=15263455677397376088254388797905
48^24=>{1,2,3,4,5,6,7,8,9,10,11,12,13,14,15,16,17,18,19,20,21,22,24,25,29,31,34,39,40,42,44,45,47},e=79226344028761573288924576178735
49^24=>{22,23,24,29,31,32,35,36,40,41,47,48},e=-9897972508506829371798820839749
50^24=>{1,2,3,4,5,6,7,8,9,10,11,12,13,14,15,16,17,18,19,20,21,22,24,26,30,31,32,34,38,39,40,48,49},e=35329717491879288113240260279218
51^24=>{1,2,3,4,5,6,7,8,9,10,11,12,13,14,15,16,17,18,19,20,21,22,23,24,25,27,28,32,33,35,36,38,39,40,42,43,44,46,48,50},e=1719549025326663711663839186762479
52^24=>{1,2,3,4,5,6,7,8,9,10,11,12,13,14,15,16,17,18,19,22,23,24,27,29,31,35,36,37,40,43,45,47,49,51},e=4130154182790892114555015545323
53^24=>{24,25,26,27,28,30,32,33,34,35,37,39,43,45,48,50,52},e=-98550373051499039921002975733511
54^24=>{23,24,25,28,29,35,40,42,43,44,45,46,48,51,53},e=-17128340167837239674772637829320
55^24=>{25,29,31,34,35,36,39,40,42,45,47,49,52,54},e=-115412288173416712678318640229095
56^24=>{20,21,22,23,24,25,30,33,34,36,42,44,47,48,49,53,55},e=-2874481275569922677163761657352
57^24=>{20,21,23,24,27,30,32,39,41,44,45,47,50,51,53,54,55},e=-123202041510946661496664824681
58^24=>{17,19,20,21,25,26,27,29,30,31,32,34,36,39,42,49,50,53,54,57},e=-102999404801894781236591434475
59^24=>{18,19,20,21,22,23,28,29,30,31,33,34,38,40,41,42,44,45,51,52,53,54,56,57},e=-132724276717128704208559564394
60^24=>{1,2,3,4,5,6,7,8,9,10,11,12,13,14,15,16,17,18,19,20,22,23,25,27,30,34,35,38,40,42,44,46,49,53,54,56,59},e=484681644589339955552744116431
61^24=>{1,2,3,4,5,6,7,8,9,10,11,12,13,14,15,16,17,18,19,20,23,24,25,26,27,28,29,35,37,38,40,41,42,43,47,48,51,52,55,56,58,59},e=306970660803705297764542597707
62^24=>{16,18,20,22,23,24,26,27,31,32,33,35,36,38,39,41,45,46,49,50,54,55,56,57,61},e=-4913977754784983001416919564
63^24=>{1,2,3,4,5,6,7,8,9,10,11,12,13,14,15,16,17,18,19,20,21,23,24,27,29,32,36,37,38,39,40,41,42,49,51,60,62},e=18898801863320250298125727150
64^24=>{1,2,3,4,5,6,7,8,9,10,11,12,13,14,16,17,21,26,27,28,29,30,32,34,37,38,42,44,47,48,49,52,53,54,56,58,59,63},e=1235001852261625045145954671
65^24=>{1,2,3,4,5,6,7,8,9,10,11,12,13,14,15,16,17,18,27,30,32,33,37,38,39,40,44,49,50,52,54,55,56,59,60,61,63},e=221100711643015709886729663151
66^24=>{1,2,3,4,5,6,7,8,9,10,11,12,13,14,15,16,18,20,21,24,26,27,28,32,35,37,40,43,45,46,48,49,50,51,52,53,57,58,59,61,65},e=116809352086597159652364753899
67^24=>{1,2,3,4,5,6,7,8,9,10,11,12,15,17,20,21,22,23,24,27,28,29,31,37,38,40,48,51,53,55,56,57,58,59,60,61,66},e=12653464307825864354089261
68^24=>{13,14,16,17,18,20,21,22,25,27,28,31,32,35,42,44,48,49,52,53,54,56,57,59,64,67},e=-187846591847644016180432172
69^24=>{1,2,3,4,5,6,7,8,9,10,11,12,14,16,17,26,29,30,32,34,36,38,42,46,50,51,54,58,60,62,64,68},e=59533053496660513368092984
70^24=>{1,2,3,4,5,6,7,8,9,10,11,12,19,23,24,28,30,32,34,35,36,37,39,46,50,51,53,59,60,63,65,69},e=159092529980217998503279535
71^24=>{1,2,3,4,5,6,7,8,9,10,11,12,13,14,17,19,20,21,22,23,25,27,28,29,30,32,33,40,42,43,44,45,46,49,51,55,56,58,59,60,61,62,63,64,67,69},e=97904780862733148956319624
72^24=>{18,21,22,23,26,27,29,31,33,35,37,44,46,49,50,51,54,56,57,63,64,67,71},e=-391948624227060306368708910
73^24=>{14,15,19,20,23,24,26,28,29,30,31,32,33,36,37,39,41,42,44,45,48,49,50,51,52,54,55,56,57,58,59,60,62,68,69,71},e=-931932111411785232195091248
74^24=>{1,2,3,4,5,6,7,8,9,10,11,12,14,20,22,23,25,27,29,30,31,33,35,39,42,43,44,47,49,50,56,58,60,63,69,70,72},e=119728163336155128275194093
75^24=>{13,14,15,20,21,24,25,26,28,29,39,42,44,45,48,49,51,52,55,56,59,61,63,66,69,71,73},e=-67189280288483569704918127
76^24=>{14,17,20,22,23,26,28,29,30,33,37,40,41,42,46,47,49,53,54,55,56,59,61,62,63,64,67,73,74},e=-132924826147432538663529359
77^24=>{1,2,3,4,5,6,7,8,9,10,12,14,15,16,18,19,20,22,24,25,26,29,33,35,36,37,39,42,43,44,45,47,48,49,52,53,57,58,62,66,68,74,75},e=3889288594617071382267661
78^24=>{18,20,21,22,23,24,26,27,28,29,32,34,36,37,39,40,42,43,49,50,52,54,56,58,63,67,68,69,73,74,75},e=-30526252103740770518820941
79^24=>{10,13,15,17,18,20,24,25,28,29,30,32,33,36,42,43,44,45,49,50,53,57,60,61,62,63,64,66,68,70,73,78},e=-178981831684154720251917
80^24=>{13,14,15,17,20,21,27,28,29,31,33,34,37,40,42,43,47,49,50,52,53,54,56,57,58,59,60,61,64,65,66,68,69,72,74,76,77},e=-848047339955396326741171
81^24=>{1,2,3,4,5,6,7,8,9,10,14,15,16,17,18,19,20,23,24,25,26,28,30,33,34,35,36,37,39,41,44,48,49,50,53,54,55,57,59,60,62,63,65,70,72,75,80},e=1935097543785645060207018
82^24=>{1,2,3,4,5,6,7,8,9,10,12,15,18,21,24,28,30,32,33,34,37,39,40,43,44,46,47,48,49,50,53,55,56,57,58,59,60,61,63,65,67,71,73,75,77,80},e=4228532866727226385619911
83^24=>{11,12,13,15,16,18,19,20,21,22,23,25,28,30,31,35,37,38,40,41,44,47,49,50,52,54,57,58,59,60,62,63,64,67,69,72,78,79,80},e=-1763329501236428977530194
84^24=>{1,2,3,4,5,6,7,8,9,12,13,14,15,16,19,23,25,27,28,29,31,36,38,39,41,43,47,48,50,53,54,56,58,59,63,65,66,69,70,71,74,76,78,79,81},e=268266771765379793080167
85^24=>{1,2,3,4,5,6,7,8,9,10,11,12,16,18,19,21,23,24,28,31,34,36,42,44,45,46,47,50,52,55,57,58,61,62,66,71,72,73,74,75,76,77,78,83},e=107961554522279005723277
