2^25=>{1},e=33554431
3^25=>{2,1},e=847255055010
4^25=>{3,2,1},e=1125052584678748
5^25=>{4,3,2,1},e=296896476647946625
6^25=>{5,4,3,2,1},e=28131138058823741751
7^25=>{6,5,4,3,2,1},e=1312339181662929239806
8^25=>{7,6,5,4,3,2,1},e=36409133805292161147760
9^25=>{8,7,6,5,4,3,2,1},e=678749257771230426498873
10^25=>{9,8,7,6,5,4,3,2,1},e=9242953282387525248958375
11^25=>{10,9,8,7,6,5,4,3,2,1},e=97590012716271247290788626
12^25=>{11,10,9,8,7,6,5,4,3,2,1},e=834858060289193932808426556
13^25=>{12,11,10,9,8,7,6,5,4,3,2,1},e=5983343742274630339636569385
14^25=>{13,12,11,10,9,8,7,6,5,4,3,2,1},e=36869319518389370122090316623
15^25=>{14,13,12,11,10,9,8,7,6,5,4,3,2,1},e=199383410847116112510003222750
16^25=>{15,14,13,12,11,10,9,8,7,6,5,4,3,2,1},e=962010645194498536772819709376
17^25=>{16,15,14,13,12,11,10,9,8,7,6,5,4,3,2,1},e=4197336857086442112718983289681
18^25=>{17,16,15,14,13,12,11,10,9,8,7,6,5,4,3,2,1},e=16744741243332741998755127001135
19^25=>{18,17,16,15,14,13,12,11,10,9,8,7,6,5,4,3,2,1},e=61643918509702622247534169894498
20^25=>{19,18,17,16,15,14,13,12,11,10,9,8,7,6,5,4,3,2,1},e=211035247133190443174314949333500
21^25=>{20,19,18,17,16,15,14,13,12,11,10,9,8,7,6,5,4,3,2,1},e=676218773055914709915037407854001
22^25=>{21,20,19,18,17,16,15,14,13,12,11,10,9,8,7,6,5,4,3,2,1},e=2039198479384676023593086803535431
23^25=>{22,21,20,19,18,17,16,15,14,13,12,11,10,9,8,7,6,5,4,3,2,1},e=5813917974955801795447910587780510
24^25=>{23,22,21,20,19,18,17,16,15,14,13,12,11,10,9,8,7,6,5,4,3,2,1},e=15732041475523529849878241116651248
25^25=>{24,23,22,21,20,19,18,17,16,15,14,13,12,11,10,9,8,7,6,5,4,3,2,1},e=40530566156722415110212863867415625
