3^25=>{1,2},e=847255055010
4^25=>{1,2,3},e=1125052584678748
5^25=>{1,2,3,4},e=296896476647946625
6^25=>{1,2,3,4,5},e=28131138058823741751
7^25=>{1,2,3,4,5,6},e=1312339181662929239806
8^25=>{1,2,3,4,5,6,7},e=36409133805292161147760
9^25=>{1,2,3,4,5,6,7,8},e=678749257771230426498873
10^25=>{1,2,3,4,5,6,7,8,9},e=9242953282387525248958375
11^25=>{1,2,3,4,5,6,7,8,9,10},e=97590012716271247290788626
12^25=>{1,2,3,4,5,6,7,8,9,10,11},e=834858060289193932808426556
13^25=>{1,2,3,4,5,6,7,8,9,10,11,12},e=5983343742274630339636569385
14^25=>{1,2,3,4,5,6,7,8,9,10,11,12,13},e=36869319518389370122090316623
15^25=>{1,2,3,4,5,6,7,8,9,10,11,12,13,14},e=199383410847116112510003222750
16^25=>{1,2,3,4,5,6,7,8,9,10,11,12,13,14,15},e=962010645194498536772819709376
17^25=>{1,2,3,4,5,6,7,8,9,10,11,12,13,14,15,16},e=4197336857086442112718983289681
18^25=>{1,2,3,4,5,6,7,8,9,10,11,12,13,14,15,16,17},e=16744741243332741998755127001135
19^25=>{1,2,3,4,5,6,7,8,9,10,11,12,13,14,15,16,17,18},e=61643918509702622247534169894498
20^25=>{1,2,3,4,5,6,7,8,9,10,11,12,13,14,15,16,17,18,19},e=211035247133190443174314949333500
21^25=>{1,2,3,4,5,6,7,8,9,10,11,12,13,14,15,16,17,18,19,20},e=676218773055914709915037407854001
22^25=>{1,2,3,4,5,6,7,8,9,10,11,12,13,14,15,16,17,18,19,20,21},e=2039198479384676023593086803535431
23^25=>{1,2,3,4,5,6,7,8,9,10,11,12,13,14,15,16,17,18,19,20,21,22},e=5813917974955801795447910587780510
24^25=>{1,2,3,4,5,6,7,8,9,10,11,12,13,14,15,16,17,18,19,20,21,22,23},e=15732041475523529849878241116651248
25^25=>{1,2,3,4,5,6,7,8,9,10,11,12,13,14,15,16,17,18,19,20,21,22,23,24},e=40530566156722415110212863867415625
26^25=>{1,2,3,4,5,6,7,8,9,10,11,12,13,14,15,16,17,18,19,20,21,22,23,24,25},e=99668712224664957519226961911353751
27^25=>{1,2,3,4,5,6,7,8,9,10,11,12,13,14,15,16,17,18,19,20,21,22,23,24,25,26},e=234387839922087488885320624653276306
28^25=>{1,2,3,4,5,6,7,8,9,10,11,12,13,14,15,16,17,18,19,20,21,22,23,24,25,26,27},e=527763298444596508627582024135151260
29^25=>{1,2,3,4,5,6,7,8,9,10,11,12,13,14,15,16,17,18,19,20,21,22,23,24,25,26,27,28},e=1138307354173406295857351506170286873
30^25=>{1,2,3,4,5,6,7,8,9,10,11,12,13,14,15,16,17,18,19,20,21,22,23,24,25,26,27,28,29},e=2350469201348888969471295003221625375
31^25=>{1,2,3,4,5,6,7,8,9,10,11,12,13,14,15,16,17,18,19,20,21,22,23,24,25,26,27,28,29,30},e=4637489502420247303308609001989496126
32^25=>{1,2,3,4,5,6,7,8,9,10,11,12,13,14,15,16,17,18,19,20,21,22,23,24,25,26,27,28,29,30,31},e=8707200387674838568555806933424781056
33^25=>{1,2,3,4,5,6,7,8,9,10,11,12,13,14,15,16,17,18,19,20,21,22,23,24,25,26,27,28,29,30,31,32},e=15437837982413636348487637123924388385
34^25=>{1,2,3,4,5,6,7,8,9,10,11,12,13,14,15,16,17,18,19,20,21,22,23,24,25,26,27,28,29,30,31,32,33},e=25465504437447236989702706401203782623
35^25=>{1,2,3,4,5,6,7,8,9,10,11,12,13,14,15,16,17,18,19,20,21,22,23,24,25,26,27,28,29,30,31,32,33,34},e=37874847699956694675298550266892025250
36^25=>{1,2,3,4,5,6,7,8,9,10,11,12,13,14,15,16,17,18,19,20,21,22,23,24,25,26,27,28,29,30,31,32,33,34,35},e=46816938219780128216182329495400974876
37^25=>{1,2,3,4,5,6,7,8,9,10,11,12,13,14,15,16,17,18,19,20,21,22,23,24,25,26,27,28,29,30,31,32,33,34,35,36},e=33658896404405731243409463665344099681
38^25=>{30,31,33,34,35,36,37},e=-1363471695821143478073996871433300808
39^25=>{25,26,28,32,35,36,37,38},e=-39296836150716127663897094471936378
40^25=>{27,31,32,33,35,37,38,39},e=-197397154165680233569999144008144682
41^25=>{27,28,31,33,35,38,39,40},e=-210758137846423315267512834097323260
42^25=>{31,32,35,36,37,38,40,41},e=-1839237179267705725034254168481466128
43^25=>{24,25,26,28,29,31,32,33,35,38,39,41,42},e=-3540534945587027548870244345726750
44^25=>{25,26,27,30,36,38,40,42,43},e=-39055981885739691193494614008353503
45^25=>{31,36,37,41,43,44},e=-3344894073169972286062572011346247627
46^25=>{31,32,33,36,37,40,41,44,45},e=-1569002814211052370071155069389762683
47^25=>{28,29,30,31,32,33,35,36,37,40,41,42,43,44,46},e=-4838160477098208393932613002258570
48^25=>{25,26,27,35,36,37,40,41,43,44,45,47},e=-820069988359577007030838286577548
49^25=>{23,24,26,27,29,32,36,38,39,40,43,47,48},e=-5684183301839777871962957616570943
50^25=>{25,26,27,29,30,33,36,42,43,48,49},e=-4961757977375731870798403230358318
51^25=>{23,24,26,28,29,31,32,33,35,36,38,39,40,42,43,44,45,46,48,50},e=-2259353518795911385088608429152771
52^25=>{24,26,27,28,29,36,37,38,39,40,42,44,48,49,51},e=-12617994077510658972929661227579816
53^25=>{21,22,23,25,26,32,35,37,38,40,43,44,45,46,48,50,52},e=-421630718716162569303988836603184
54^25=>{30,31,34,35,36,37,40,43,45,47,49,51,53},e=-1653987025087242015302669737282733127
55^25=>{25,26,29,33,34,35,36,38,39,44,46,47,48,49,50,51,54},e=-26747094696327543784494119159532509
56^25=>{24,25,26,30,31,33,35,41,42,47,51,53,55},e=-14887051973831290983767725985396627
57^25=>{24,27,28,34,35,36,37,38,39,40,42,43,44,45,47,49,51,54,56},e=-5583805345374322933976071761277372
58^25=>{22,23,24,25,27,28,32,33,40,41,42,45,47,49,52,55,57},e=-1104124316635254799713148260118034
59^25=>{18,20,21,23,24,25,28,31,32,33,34,39,40,41,44,48,50,52,53,55,56,57},e=-2500580379625790298243927847455
60^25=>{22,25,27,28,29,30,37,38,39,40,41,42,43,47,48,49,50,52,55,56,59},e=-1245046852802942941400242919333987
61^25=>{24,27,28,29,31,32,43,44,48,50,51,53,54,57,58,59},e=-159111634826444208626650943368257
62^25=>{18,20,21,25,26,27,31,33,35,38,39,41,43,44,45,46,48,49,50,51,53,54,56,57,59,60},e=-3723682084760984899543117429217
63^25=>{20,21,22,23,24,25,27,30,33,34,35,36,38,39,40,42,44,48,52,54,55,59,60,61},e=-41691535141508227179448571921179
64^25=>{18,21,25,30,32,33,34,37,38,42,43,45,50,52,55,58,59,61,62},e=-3966675020414090013017939016251
65^25=>{18,21,22,23,24,25,26,27,28,31,33,34,35,38,39,40,41,43,45,46,48,50,51,53,54,55,56,57,59,60,64},e=-9771875711061824337355919793341
66^25=>{18,19,22,26,28,29,32,34,35,38,43,44,45,48,49,50,51,53,55,56,59,60,61,62,64},e=-10998995894110048912566980653075
67^25=>{21,26,27,29,30,31,33,36,39,43,46,48,51,52,56,57,59,61,62,66},e=-54685323576836670711621892624256
68^25=>{17,20,21,22,25,26,28,30,31,34,37,39,40,43,46,47,50,54,56,57,61,64,67},e=-1931814404457006855200007147037
69^25=>{15,16,18,26,27,33,35,36,37,38,42,43,47,49,50,51,52,54,57,58,59,60,61,62,63,64,65,66},e=-60622751521703367416609114685
70^25=>{16,17,18,21,22,24,25,27,30,32,36,42,43,44,45,48,49,50,57,59,60,61,63,65,69},e=-700145980636504092068517573113
71^25=>{18,19,23,27,28,29,31,35,37,38,40,41,45,46,48,49,50,51,55,56,57,58,59,60,64,66,67,69},e=-6679856978164705735954775617135
72^25=>{16,18,19,20,21,25,27,30,31,35,38,42,44,45,46,47,49,50,55,56,58,61,62,63,65,69,70},e=-221571040080552590999005074820
73^25=>{12,14,16,20,22,23,24,26,27,29,30,32,39,41,42,45,46,50,51,55,58,64,66,68,72},e=-523359978735874547492101229
74^25=>{16,20,21,24,25,28,31,36,37,38,41,46,47,48,49,50,51,53,55,56,58,60,61,62,65,66,68,70,72},e=-505062956757414690897923902520
75^25=>{15,17,18,19,20,21,22,24,25,30,33,35,36,37,39,40,42,43,44,47,48,50,51,52,54,55,56,57,59,61,62,63,65,66,67,69,74},e=-33640308936288547065375750851
76^25=>{16,17,18,20,21,24,25,29,33,39,40,43,44,48,49,52,53,55,56,57,58,61,63,64,66,68,73,74},e=-211775562791505899724478827530
77^25=>{16,17,19,20,21,22,24,27,29,30,31,34,37,38,39,40,43,49,52,54,55,57,58,61,63,67,68,71,73,75},e=-12998301477603828612752232373
78^25=>{17,18,21,23,29,32,35,37,38,40,41,42,43,44,45,46,49,51,53,54,55,56,57,58,59,63,64,65,67,70,71,74,76},e=-3385698971651642565837392625
79^25=>{14,15,16,21,22,26,27,31,32,35,36,37,39,40,41,42,47,48,53,54,55,57,60,61,62,63,65,67,71,72,75,77},e=-10090703472409600630401483962
80^25=>{16,18,20,21,22,23,32,35,36,37,39,46,48,49,50,51,52,56,57,61,62,65,66,67,68,71,72,73,75,78},e=-34571484514598082739549290996
81^25=>{13,14,16,18,20,21,23,24,27,28,30,31,32,34,41,43,45,46,48,49,50,52,54,56,58,61,63,65,67,68,69,73,75,80},e=-5323740168262338304006555533
82^25=>{13,15,16,19,20,23,24,25,27,28,31,33,34,42,44,49,50,51,53,54,60,62,67,69,72,73,76,81},e=-5673986553310444692478991509
83^25=>{13,14,16,19,21,22,23,25,27,28,29,34,36,37,38,41,42,47,48,50,54,55,58,60,61,64,65,67,71,74,75,79,81},e=-2731367768006392908942749681
84^25=>{15,18,20,23,24,25,27,30,32,33,35,36,37,39,41,42,46,47,48,49,50,53,54,55,56,60,61,64,66,67,69,71,73,74,78,83},e=-18045733309837798453465666887
85^25=>{14,19,22,25,28,30,31,32,35,39,42,45,46,49,56,57,60,61,62,65,67,69,72,73,77,79,81,82},e=-484955486860979607772581523
86^25=>{15,16,20,21,22,23,24,27,28,29,30,34,35,38,41,42,43,44,46,48,52,54,57,61,63,64,66,67,69,71,73,74,75,80,85},e=-1228658175722896553429527191
87^25=>{13,15,17,19,21,24,25,27,29,31,33,34,35,36,39,41,43,47,48,52,53,54,55,56,57,59,61,62,64,65,66,67,70,71,73,74,76,78,79,80,82,84},e=-2202137393488167150354242748
88^25=>{15,21,22,23,26,29,31,35,36,39,40,43,45,46,47,49,51,54,56,57,59,61,62,65,67,68,69,71,73,74,76,78,79,80,84,85},e=-531122634176117689232304058
89^25=>{11,12,16,22,25,30,32,34,36,37,38,39,40,41,43,45,46,48,49,51,54,56,60,63,65,66,67,69,70,72,73,74,75,78,79,82,83,87},e=-49230835088699050411829809
90^25=>{12,14,16,20,23,25,29,32,33,35,36,37,42,43,44,45,46,48,51,54,55,56,59,60,62,64,65,68,69,71,72,75,78,81,83,84,88},e=-76168963384410820751361135
91^25=>{14,15,17,19,20,21,22,23,28,29,30,34,36,38,39,40,43,46,47,51,52,54,61,62,65,68,72,75,77,82,87,89},e=-305159784500896982241332475
