2^26=>{1},e=67108863
3^26=>{2,1},e=2541798719464
4^26=>{3,2,1},e=4501057694433302
5^26=>{4,3,2,1},e=1485609977824457935
6^26=>{5,4,3,2,1},e=169087105918633134941
7^26=>{6,5,4,3,2,1},e=9215403987207231024078
8^26=>{7,6,5,4,3,2,1},e=292671898215569016089324
9^26=>{8,7,6,5,4,3,2,1},e=6149290877634927727668477
10^26=>{9,8,7,6,5,4,3,2,1},e=93227127099181581129803995
11^26=>{10,9,8,7,6,5,4,3,2,1},e=1085044780871902523589936756
12^26=>{11,10,9,8,7,6,5,4,3,2,1},e=10148955470614742193885252418
13^26=>{12,11,10,9,8,7,6,5,4,3,2,1},e=78987193669306795741853706059
14^26=>{13,12,11,10,9,8,7,6,5,4,3,2,1},e=525503674564646786028267646777
15^26=>{14,13,12,11,10,9,8,7,6,5,4,3,2,1},e=3053212636107244668075991691930
16^26=>{15,14,13,12,11,10,9,8,7,6,5,4,3,2,1},e=15760271751546210433514942196696
17^26=>{16,15,14,13,12,11,10,9,8,7,6,5,4,3,2,1},e=73296118554165710027593129472633
18^26=>{17,16,15,14,13,12,11,10,9,8,7,6,5,4,3,2,1},e=310690652331295912734122856260919
19^26=>{18,17,16,15,14,13,12,11,10,9,8,7,6,5,4,3,2,1},e=1211952338814209846748755238621952
20^26=>{19,18,17,16,15,14,13,12,11,10,9,8,7,6,5,4,3,2,1},e=4385931902660478444357590047962990
21^26=>{20,19,18,17,16,15,14,13,12,11,10,9,8,7,6,5,4,3,2,1},e=14825874587037688045912761676893511
22^26=>{21,20,19,18,17,16,15,14,13,12,11,10,9,8,7,6,5,4,3,2,1},e=47083972458115885480311293298925973
23^26=>{22,21,20,19,18,17,16,15,14,13,12,11,10,9,8,7,6,5,4,3,2,1},e=141173568932600197927291228962007654
24^26=>{23,22,21,20,19,18,17,16,15,14,13,12,11,10,9,8,7,6,5,4,3,2,1},e=401300068090064762165966786474285252
25^26=>{24,23,22,21,20,19,18,17,16,15,14,13,12,11,10,9,8,7,6,5,4,3,2,1},e=1085282502408850531647888265939895925
26^26=>{25,24,23,22,21,20,19,18,17,16,15,14,13,12,11,10,9,8,7,6,5,4,3,2,1},e=2800509984115381680750035881976818451
27^26=>{26,25,24,23,22,21,20,19,18,17,16,15,14,13,12,11,10,9,8,7,6,5,4,3,2,1},e=6911474091961725205388155105885666188
28^26=>{27,26,25,24,23,22,21,20,19,18,17,16,15,14,13,12,11,10,9,8,7,6,5,4,3,2,1},e=16342520506018693176410842276615887514
