3^26=>{1,2},e=2541798719464
4^26=>{1,2,3},e=4501057694433302
5^26=>{1,2,3,4},e=1485609977824457935
6^26=>{1,2,3,4,5},e=169087105918633134941
7^26=>{1,2,3,4,5,6},e=9215403987207231024078
8^26=>{1,2,3,4,5,6,7},e=292671898215569016089324
9^26=>{1,2,3,4,5,6,7,8},e=6149290877634927727668477
10^26=>{1,2,3,4,5,6,7,8,9},e=93227127099181581129803995
11^26=>{1,2,3,4,5,6,7,8,9,10},e=1085044780871902523589936756
12^26=>{1,2,3,4,5,6,7,8,9,10,11},e=10148955470614742193885252418
13^26=>{1,2,3,4,5,6,7,8,9,10,11,12},e=78987193669306795741853706059
14^26=>{1,2,3,4,5,6,7,8,9,10,11,12,13},e=525503674564646786028267646777
15^26=>{1,2,3,4,5,6,7,8,9,10,11,12,13,14},e=3053212636107244668075991691930
16^26=>{1,2,3,4,5,6,7,8,9,10,11,12,13,14,15},e=15760271751546210433514942196696
17^26=>{1,2,3,4,5,6,7,8,9,10,11,12,13,14,15,16},e=73296118554165710027593129472633
18^26=>{1,2,3,4,5,6,7,8,9,10,11,12,13,14,15,16,17},e=310690652331295912734122856260919
19^26=>{1,2,3,4,5,6,7,8,9,10,11,12,13,14,15,16,17,18},e=1211952338814209846748755238621952
20^26=>{1,2,3,4,5,6,7,8,9,10,11,12,13,14,15,16,17,18,19},e=4385931902660478444357590047962990
21^26=>{1,2,3,4,5,6,7,8,9,10,11,12,13,14,15,16,17,18,19,20},e=14825874587037688045912761676893511
22^26=>{1,2,3,4,5,6,7,8,9,10,11,12,13,14,15,16,17,18,19,20,21},e=47083972458115885480311293298925973
23^26=>{1,2,3,4,5,6,7,8,9,10,11,12,13,14,15,16,17,18,19,20,21,22},e=141173568932600197927291228962007654
24^26=>{1,2,3,4,5,6,7,8,9,10,11,12,13,14,15,16,17,18,19,20,21,22,23},e=401300068090064762165966786474285252
25^26=>{1,2,3,4,5,6,7,8,9,10,11,12,13,14,15,16,17,18,19,20,21,22,23,24},e=1085282502408850531647888265939895925
26^26=>{1,2,3,4,5,6,7,8,9,10,11,12,13,14,15,16,17,18,19,20,21,22,23,24,25},e=2800509984115381680750035881976818451
27^26=>{1,2,3,4,5,6,7,8,9,10,11,12,13,14,15,16,17,18,19,20,21,22,23,24,25,26},e=6911474091961725205388155105885666188
28^26=>{1,2,3,4,5,6,7,8,9,10,11,12,13,14,15,16,17,18,19,20,21,22,23,24,25,26,27},e=16342520506018693176410842276615887514
29^26=>{1,2,3,4,5,6,7,8,9,10,11,12,13,14,15,16,17,18,19,20,21,22,23,24,25,26,27,28},e=37068116190052625882037416025074015427
30^26=>{1,2,3,4,5,6,7,8,9,10,11,12,13,14,15,16,17,18,19,20,21,22,23,24,25,26,27,28,29},e=80693695852571623416841777439562831985
31^26=>{1,2,3,4,5,6,7,8,9,10,11,12,13,14,15,16,17,18,19,20,21,22,23,24,25,26,27,28,29,30},e=168537097374643731765798511401366825266
32^26=>{1,2,3,4,5,6,7,8,9,10,11,12,13,14,15,16,17,18,19,20,21,22,23,24,25,26,27,28,29,30,31},e=337233430682653368921383473204831684528
33^26=>{1,2,3,4,5,6,7,8,9,10,11,12,13,14,15,16,17,18,19,20,21,22,23,24,25,26,27,28,29,30,31,32},e=644415063039268311524977521349260779249
34^26=>{1,2,3,4,5,6,7,8,9,10,11,12,13,14,15,16,17,18,19,20,21,22,23,24,25,26,27,28,29,30,31,32,33},e=1168958181160357560617840840873643503727
35^26=>{1,2,3,4,5,6,7,8,9,10,11,12,13,14,15,16,17,18,19,20,21,22,23,24,25,26,27,28,29,30,31,32,33,34},e=1990545445558149435479227442921057424920
36^26=>{1,2,3,4,5,6,7,8,9,10,11,12,13,14,15,16,17,18,19,20,21,22,23,24,25,26,27,28,29,30,31,32,33,34,35},e=3111799891216733670053299316375406955206
37^26=>{1,2,3,4,5,6,7,8,9,10,11,12,13,14,15,16,17,18,19,20,21,22,23,24,25,26,27,28,29,30,31,32,33,34,35,36},e=4241514898977409103346982481576375159743
38^26=>{1,2,3,4,5,6,7,8,9,10,11,12,13,14,15,16,17,18,19,20,21,22,23,24,25,26,27,28,29,30,31,32,33,34,35,36,37},e=4268480852585555391946503476166388124109
39^26=>{1,2,3,4,5,6,7,8,9,10,11,12,13,14,15,16,17,18,19,20,21,22,23,24,25,26,27,28,29,30,31,32,33,34,35,36,37,38},e=84498341564909558751431876912351003902
40^26=>{31,33,34,36,37,38,39},e=-125928886532843121328250563734288704556
41^26=>{27,28,30,31,33,34,35,36,38,39,40},e=-5460473133979824923615985737652958724
42^26=>{33,37,39,40,41},e=-372318292186099955557126087314061915836
43^26=>{31,32,35,36,40,41,42},e=-120638897228418666050121439050305506402
44^26=>{31,32,33,34,38,39,40,42,43},e=-77569473307667869327938910831325048972
45^26=>{29,30,32,40,41,43,44},e=-35179620365967406350183768752719331466
46^26=>{24,26,28,30,31,32,40,42,44,45},e=-113163045152959408046651101278503690
47^26=>{31,32,33,39,40,41,42,45,46},e=-98433859764216231198215945002110013612
48^26=>{25,28,32,33,34,38,42,43,46,47},e=-531180219381151900815993136764205676
49^26=>{28,29,35,37,40,41,44,47,48},e=-1803005631414498189606358631797408348
50^26=>{30,32,34,36,38,41,43,44,48,49},e=-31697290478588041030343763092966892171
51^26=>{26,29,30,32,33,35,38,41,42,45,49,50},e=-2531157927086041204716113717038735109
52^26=>{30,35,37,42,44,46,48,49,51},e=-45734978816451130786717580452628561932
53^26=>{26,28,31,33,36,38,39,41,42,43,45,51,52},e=-887155952691068252791730994879526806
54^26=>{33,44,47,48,49,51,53},e=-72473895140377602747887221465937678053
55^26=>{27,29,30,36,38,39,40,41,45,51,52,54},e=-4380784345238957477315835539593909093
56^26=>{37,38,41,44,45,47,49,51,53,55},e=-833535623408136425253157220902699353544
57^26=>{24,26,31,34,36,37,45,47,49,50,51,52,53,54,55},e=-149471982184992709086258704925446215
58^26=>{18,19,22,23,24,27,28,30,33,35,36,38,39,41,43,44,51,52,53,54,55,56},e=-131089057367714815709402876495115
59^26=>{20,21,23,27,32,34,35,37,40,41,42,46,47,48,49,51,53,56,58},e=-296349106301624568722227173956737
60^26=>{21,22,24,25,28,29,30,32,35,37,38,42,45,46,52,54,57,59},e=-7459537479007366470588670730212808
61^26=>{21,24,27,28,31,32,34,35,39,40,42,43,44,45,47,55,56,57,60},e=-5602551955016472530190311657844169
62^26=>{23,24,27,31,33,36,37,38,40,43,45,46,47,50,51,55,57,58,61},e=-9462322553749306797023983473301628
63^26=>{17,18,20,21,22,23,24,25,26,28,29,31,32,33,34,37,38,39,41,42,43,45,46,48,53,54,57,59,60,61},e=-30859558706377870028733421923439
64^26=>{24,25,28,34,40,42,44,46,48,50,52,53,54,55,56,58,59,61,62},e=-1279370024924079239995067910069245
65^26=>{18,29,30,31,33,34,35,36,37,38,39,40,41,42,44,47,48,49,50,52,54,55,57,59,61,64},e=-288811126814458063234160402091508
66^26=>{20,21,23,24,25,26,29,30,31,32,40,41,44,45,49,50,51,53,56,57,58,59,62,65},e=-4258196450342207055697486980993549
67^26=>{21,25,26,30,31,32,33,36,39,43,47,48,50,51,54,56,57,59,60,61,62,63,65},e=-7806767521407757446958568775390188
68^26=>{25,27,28,30,35,36,40,41,43,44,46,47,49,50,51,56,57,58,61,63,65,66},e=-245365235230385871460016631186788
69^26=>{21,24,25,27,30,33,34,36,37,39,40,42,43,45,47,50,54,55,56,58,59,60,61,65,68},e=-2347735415870028773694808884717740
70^26=>{22,24,27,29,30,34,35,36,39,41,45,46,47,48,53,57,58,60,61,62,63,65,69},e=-162866296899931595091834986580965
71^26=>{18,22,24,25,26,28,29,30,31,33,34,35,38,39,40,41,45,49,50,54,56,57,58,59,64,67,70},e=-136082752006506724500012868693203
72^26=>{19,23,26,28,29,31,32,33,37,38,39,42,45,47,50,51,52,53,54,56,57,59,60,61,62,63,66,69,70},e=-248807404883268131911629995505480
73^26=>{18,19,20,24,28,29,30,31,36,37,38,39,42,43,44,47,48,49,51,55,56,57,58,60,61,65,69,72},e=-82991507444138114721496736657877
74^26=>{16,17,19,20,22,23,24,28,29,32,34,40,43,45,46,47,49,51,53,55,56,57,58,61,62,63,66,67,68,70,72},e=-6901562982753358598971417082495
75^26=>{16,17,18,20,22,24,25,27,30,31,33,35,38,40,41,42,45,47,48,49,50,51,53,55,56,58,64,66,68,69,70,71,72},e=-1766428201776350464585356174678
76^26=>{18,19,20,21,22,23,24,26,28,30,31,34,35,36,38,39,40,41,44,47,49,50,52,54,55,59,62,64,66,67,68,70,72,74},e=-473784607022360706862888188564
77^26=>{14,17,20,21,22,23,24,25,27,32,38,42,45,47,49,51,57,59,61,62,65,66,67,68,69,70,73,75},e=-383791456083760260663485602592
78^26=>{18,20,21,22,23,25,26,29,30,32,34,36,39,40,43,44,45,49,50,54,57,58,60,61,64,65,68,70,73,77},e=-9853970610308906310643199688237
79^26=>{16,18,19,21,22,23,29,30,35,38,39,44,45,47,48,55,57,58,59,62,63,65,67,68,69,71,72,75,77},e=-1468584265058638594677012291569
80^26=>{14,15,16,17,20,21,22,23,24,25,26,27,29,30,31,33,34,35,40,41,44,45,46,48,49,53,55,56,57,58,60,62,63,65,66,67,68,69,72,73,76,78},e=-186758165398377411631364310005
81^26=>{15,16,17,19,20,21,23,25,26,28,34,35,37,39,41,43,44,45,50,53,54,55,56,57,58,59,61,62,63,65,67,68,70,71,72,74,75,77,78},e=-2052440949237253130827620088838
82^26=>{16,19,21,22,23,26,28,34,35,36,37,38,40,41,43,46,48,49,50,52,53,55,56,58,61,62,63,64,65,66,68,70,71,72,73,76,77,80},e=-1665339456932108867247979637440
83^26=>{15,17,18,19,21,22,23,27,28,30,32,34,35,38,39,44,45,47,48,49,52,54,55,57,63,65,66,67,70,74,78,82},e=-343911642497677056843519031479
84^26=>{14,17,18,19,20,21,25,26,28,29,32,33,34,36,37,38,40,42,43,44,45,46,49,52,53,54,58,64,65,68,70,71,75,77,80,82},e=-26235582431280928817804190727
85^26=>{13,14,19,20,21,23,24,25,26,28,29,30,32,34,36,40,41,43,44,46,52,54,55,56,60,61,63,69,71,76,78,81,83},e=-57093649433790081294731278774
86^26=>{13,16,17,18,19,20,24,26,27,28,32,33,34,37,39,42,45,49,50,51,54,57,61,63,64,66,67,69,72,73,78,80,85},e=-1438810077372782605329706097
87^26=>{17,18,21,22,23,26,27,28,29,30,32,34,36,37,38,40,41,42,43,44,46,47,50,51,53,54,58,59,60,61,62,65,66,67,69,70,71,72,73,74,77,78,80,86},e=-11157228400915149416752937938
88^26=>{13,14,15,16,17,18,19,21,24,26,30,31,32,34,35,36,40,45,47,48,49,50,55,57,60,63,65,66,67,68,69,72,73,74,75,77,78,79,81,84,85},e=-38127130637614242554928646678
89^26=>{14,15,17,18,19,21,22,23,26,27,30,32,34,36,37,40,41,42,44,45,46,47,51,53,54,55,56,57,59,60,61,62,63,64,66,67,69,73,74,78,81,82,88},e=-321128790516298950688852361740
90^26=>{12,13,14,16,17,20,22,23,24,26,29,33,39,43,44,45,47,48,49,53,55,56,59,61,63,64,65,67,68,71,72,73,74,76,77,78,79,80,81,85,88},e=-5711127415848967045279461079
91^26=>{12,15,16,17,18,19,21,23,25,26,28,34,42,43,44,46,48,51,53,54,55,56,57,62,67,68,74,77,78,83,87,89},e=-2463853265347550632267515239
92^26=>{11,12,14,15,17,19,20,23,25,26,29,31,32,33,34,36,39,40,41,42,43,44,47,48,49,53,54,56,58,61,62,64,66,68,69,71,73,74,75,77,78,79,80,81,82,84,88,89},e=-799837702010656125365325312
93^26=>{16,17,19,22,25,26,27,28,31,32,33,34,35,36,37,38,42,50,53,54,55,58,59,62,63,64,66,68,69,70,74,77,79,81,84,86,87,91},e=-315171652224993977859193857
