2^27=>{1},e=134217727
3^27=>{2,1},e=7625463267258
4^27=>{3,2,1},e=18006772777779268
5^27=>{4,3,2,1},e=7432558572682643425
6^27=>{5,4,3,2,1},e=1016021766456304236711
7^27=>{6,5,4,3,2,1},e=64681403391835645877182
8^27=>{7,6,5,4,3,2,1},e=2351108317894025435010448
9^27=>{8,7,6,5,4,3,2,1},e=55665142042475568426575913
10^27=>{9,8,7,6,5,4,3,2,1},e=939365668036395449045795575
11^27=>{10,9,8,7,6,5,4,3,2,1},e=12049359859536325816107255946
12^27=>{11,10,9,8,7,6,5,4,3,2,1},e=123199923443995843744571309412
13^27=>{12,11,10,9,8,7,6,5,4,3,2,1},e=1040992112021569102978592369113
14^27=>{13,12,11,10,9,8,7,6,5,4,3,2,1},e=7475689504942866200305186771183
15^27=>{14,13,12,11,10,9,8,7,6,5,4,3,2,1},e=46651290210645588878227473793950
16^27=>{15,14,13,12,11,10,9,8,7,6,5,4,3,2,1},e=257539586545881745783758982651456
17^27=>{16,15,14,13,12,11,10,9,8,7,6,5,4,3,2,1},e=1276213801397716579730982668914417
18^27=>{17,16,15,14,13,12,11,10,9,8,7,6,5,4,3,2,1},e=5745516741405905909332463130799503
19^27=>{18,17,16,15,14,13,12,11,10,9,8,7,6,5,4,3,2,1},e=23736680516175222422791428608627578
20^27=>{19,18,17,16,15,14,13,12,11,10,9,8,7,6,5,4,3,2,1},e=90753178629254325777359289986107300
21^27=>{20,19,18,17,16,15,14,13,12,11,10,9,8,7,6,5,4,3,2,1},e=323413747801175727410017894193648241
22^27=>{21,20,19,18,17,16,15,14,13,12,11,10,9,8,7,6,5,4,3,2,1},e=1080815331933650490169895933136223447
23^27=>{22,21,20,19,18,17,16,15,14,13,12,11,10,9,8,7,6,5,4,3,2,1},e=3404839108526454909725452203146889118
24^27=>{23,22,21,20,19,18,17,16,15,14,13,12,11,10,9,8,7,6,5,4,3,2,1},e=10155980396613903542897660954287288848
25^27=>{24,23,22,21,20,19,18,17,16,15,14,13,12,11,10,9,8,7,6,5,4,3,2,1},e=28792004869515075091311039797643585625
26^27=>{25,24,23,22,21,20,19,18,17,16,15,14,13,12,11,10,9,8,7,6,5,4,3,2,1},e=77828811492385511129661404486966852551
27^27=>{26,25,24,23,22,21,20,19,18,17,16,15,14,13,12,11,10,9,8,7,6,5,4,3,2,1},e=201137081564651100916483972109306149002
28^27=>{27,26,25,24,23,22,21,20,19,18,17,16,15,14,13,12,11,10,9,8,7,6,5,4,3,2,1},e=498052787694767520397582148491170856708
