3^27=>{1,2},e=7625463267258
4^27=>{1,2,3},e=18006772777779268
5^27=>{1,2,3,4},e=7432558572682643425
6^27=>{1,2,3,4,5},e=1016021766456304236711
7^27=>{1,2,3,4,5,6},e=64681403391835645877182
8^27=>{1,2,3,4,5,6,7},e=2351108317894025435010448
9^27=>{1,2,3,4,5,6,7,8},e=55665142042475568426575913
10^27=>{1,2,3,4,5,6,7,8,9},e=939365668036395449045795575
11^27=>{1,2,3,4,5,6,7,8,9,10},e=12049359859536325816107255946
12^27=>{1,2,3,4,5,6,7,8,9,10,11},e=123199923443995843744571309412
13^27=>{1,2,3,4,5,6,7,8,9,10,11,12},e=1040992112021569102978592369113
14^27=>{1,2,3,4,5,6,7,8,9,10,11,12,13},e=7475689504942866200305186771183
15^27=>{1,2,3,4,5,6,7,8,9,10,11,12,13,14},e=46651290210645588878227473793950
16^27=>{1,2,3,4,5,6,7,8,9,10,11,12,13,14,15},e=257539586545881745783758982651456
17^27=>{1,2,3,4,5,6,7,8,9,10,11,12,13,14,15,16},e=1276213801397716579730982668914417
18^27=>{1,2,3,4,5,6,7,8,9,10,11,12,13,14,15,16,17},e=5745516741405905909332463130799503
19^27=>{1,2,3,4,5,6,7,8,9,10,11,12,13,14,15,16,17,18},e=23736680516175222422791428608627578
20^27=>{1,2,3,4,5,6,7,8,9,10,11,12,13,14,15,16,17,18,19},e=90753178629254325777359289986107300
21^27=>{1,2,3,4,5,6,7,8,9,10,11,12,13,14,15,16,17,18,19,20},e=323413747801175727410017894193648241
22^27=>{1,2,3,4,5,6,7,8,9,10,11,12,13,14,15,16,17,18,19,20,21},e=1080815331933650490169895933136223447
23^27=>{1,2,3,4,5,6,7,8,9,10,11,12,13,14,15,16,17,18,19,20,21,22},e=3404839108526454909725452203146889118
24^27=>{1,2,3,4,5,6,7,8,9,10,11,12,13,14,15,16,17,18,19,20,21,22,23},e=10155980396613903542897660954287288848
25^27=>{1,2,3,4,5,6,7,8,9,10,11,12,13,14,15,16,17,18,19,20,21,22,23,24},e=28792004869515075091311039797643585625
26^27=>{1,2,3,4,5,6,7,8,9,10,11,12,13,14,15,16,17,18,19,20,21,22,23,24,25},e=77828811492385511129661404486966852551
27^27=>{1,2,3,4,5,6,7,8,9,10,11,12,13,14,15,16,17,18,19,20,21,22,23,24,25,26},e=201137081564651100916483972109306149002
28^27=>{1,2,3,4,5,6,7,8,9,10,11,12,13,14,15,16,17,18,19,20,21,22,23,24,25,26,27},e=498052787694767520397582148491170856708
29^27=>{1,2,3,4,5,6,7,8,9,10,11,12,13,14,15,16,17,18,19,20,21,22,23,24,25,26,27,28},e=1183649968432908137387724032740754029993
30^27=>{1,2,3,4,5,6,7,8,9,10,11,12,13,14,15,16,17,18,19,20,21,22,23,24,25,26,27,28,29},e=2702978361478859065897050513760929710175
31^27=>{1,2,3,4,5,6,7,8,9,10,11,12,13,14,15,16,17,18,19,20,21,22,23,24,25,26,27,28,29,30},e=5934496974328894424714709266576853501886
32^27=>{1,2,3,4,5,6,7,8,9,10,11,12,13,14,15,16,17,18,19,20,21,22,23,24,25,26,27,28,29,30,31},e=12525212774560947030391341512211336984832
33^27=>{1,2,3,4,5,6,7,8,9,10,11,12,13,14,15,16,17,18,19,20,21,22,23,24,25,26,27,28,29,30,31,32},e=25384465577696747844016941960431642802273
34^27=>{1,2,3,4,5,6,7,8,9,10,11,12,13,14,15,16,17,18,19,20,21,22,23,24,25,26,27,28,29,30,31,32,33},e=49277812729262027613795476639457805007263
35^27=>{1,2,3,4,5,6,7,8,9,10,11,12,13,14,15,16,17,18,19,20,21,22,23,24,25,26,27,28,29,30,31,32,33,34},e=91200215490323412333372097980560356843450
36^27=>{1,2,3,4,5,6,7,8,9,10,11,12,13,14,15,16,17,18,19,20,21,22,23,24,25,26,27,28,29,30,31,32,33,34,35},e=159542247077105366726617639167897896964996
37^27=>{1,2,3,4,5,6,7,8,9,10,11,12,13,14,15,16,17,18,19,20,21,22,23,24,25,26,27,28,29,30,31,32,33,34,35,36},e=259537954341713370124789967513204333655937
38^27=>{1,2,3,4,5,6,7,8,9,10,11,12,13,14,15,16,17,18,19,20,21,22,23,24,25,26,27,28,29,30,31,32,33,34,35,36,37},e=379214594549270304690771234103767988957063
39^27=>{1,2,3,4,5,6,7,8,9,10,11,12,13,14,15,16,17,18,19,20,21,22,23,24,25,26,27,28,29,30,31,32,33,34,35,36,37,38},e=453397076467576160971761421314326892508158
40^27=>{1,2,3,4,5,6,7,8,9,10,11,12,13,14,15,16,17,18,19,20,21,22,23,24,25,26,27,28,29,30,31,32,33,34,35,36,37,38,39},e=280237833656509121464334598701766391229200
41^27=>{28,29,34,36,37,38,39,40},e=-196478212808521900506727230578616516384
42^27=>{31,32,35,38,39,40,41},e=-2085429316365314515075725794528386849258
43^27=>{37,38,40,41,42},e=-109114405672567544139705438009708275961347
44^27=>{29,31,32,33,37,38,41,42,43},e=-237271766877256119018352432716661411662
45^27=>{34,35,37,42,43,44},e=-38378889294767402660288909695226834497846
46^27=>{26,27,28,31,32,33,36,37,39,41,42,44,45},e=-36890725366911725943761983216796265157
47^27=>{32,33,34,35,36,37,40,41,43,45,46},e=-10432609472875904881161191416872041916459
48^27=>{32,33,35,36,37,38,39,41,44,46,47},e=-9379180117243109154538220568402050913272
49^27=>{32,33,37,39,42,43,44,47,48},e=-3191356179355320860502338618582542776262
50^27=>{30,36,37,39,40,42,43,45,48,49},e=-64452777394259304403218264713813068109
51^27=>{33,37,41,43,46,49,50},e=-447961810008927045575254275786768676112
52^27=>{29,30,33,35,36,37,38,39,40,41,42,45,47,48,49,51},e=-599422143763436744222297155459886454222
53^27=>{30,31,32,35,36,38,40,42,44,47,51,52},e=-2088617639113608227828570292646416955559
54^27=>{23,24,25,27,28,29,30,36,38,39,40,43,46,48,50,51,53},e=-1439035612087675144056704234757444186
55^27=>{27,28,30,31,34,37,38,39,40,43,44,45,47,53,54},e=-809441069480079005612881193249432179
56^27=>{28,30,31,32,34,37,38,41,42,43,44,45,46,54,55},e=-68697641021894975987645758048693753924
57^27=>{28,29,30,31,33,35,37,39,40,41,42,43,44,47,53,54,56},e=-256613509191202806045988849397012644723
58^27=>{34,36,39,45,48,49,51,53,55,57},e=-362915749738478534801069563430163772069
59^27=>{27,28,30,32,35,39,40,41,42,43,46,47,48,49,51,54,56,58},e=-136745799250544708463930938758131248777
60^27=>{21,26,32,34,36,37,39,41,42,47,50,51,53,54,57,59},e=-121242092050620125410179414217276813
61^27=>{25,28,29,31,32,35,37,38,39,40,44,45,49,52,55,56,57,58,59},e=-1767962245299616394466649246606293424
62^27=>{26,30,32,33,38,39,40,42,46,52,53,54,55,57,58,61},e=-12663800061707584034716114411656037338
63^27=>{22,23,25,33,34,36,37,39,40,42,46,47,49,50,52,55,56,57,59,60,61},e=-316817702065860444041085720491831870
64^27=>{24,31,32,35,36,37,38,39,42,44,45,46,48,50,52,54,59,60,61,62},e=-5213422053800962792929164444252302059
65^27=>{24,25,29,31,33,35,39,40,42,43,46,49,50,51,53,55,56,57,58,61,62,63},e=-527884609099842092659936235786350735
66^27=>{21,22,23,24,26,27,28,35,36,37,41,44,47,49,50,51,52,54,55,56,57,59,62,63,64},e=-37586967211941422146674406902384261
67^27=>{27,28,29,32,34,36,37,40,43,45,46,48,49,53,55,56,57,58,59,60,61,62,66},e=-64228382409592730874956104143205608
68^27=>{20,21,24,28,30,35,36,38,39,42,48,49,50,51,53,54,55,59,60,64,65,66},e=-31418198250629772158213567677195507
69^27=>{23,25,26,27,28,29,30,35,41,42,43,46,52,53,54,59,61,62,63,64,68},e=-1353301529126457927432062379595872310
70^27=>{20,21,23,25,26,27,28,29,36,37,38,39,42,43,46,48,49,50,53,54,59,60,61,62,63,64,67,68},e=-16238579899142603043448710802650700
71^27=>{18,20,22,23,24,25,26,28,29,30,32,34,36,38,39,40,43,46,47,49,50,51,52,54,56,59,61,64,65,66,70},e=-470464413286024419125953075368860
72^27=>{19,22,23,25,26,28,29,30,32,33,34,36,37,39,40,41,42,43,49,52,53,54,56,60,65,67,69,70},e=-6587557612285009458869293621638712
73^27=>{20,21,22,25,28,29,31,32,34,35,36,42,43,45,47,48,50,52,54,55,56,58,59,60,62,64,65,66,68,69,71},e=-5593416363801884233813244710764786
74^27=>{19,23,28,29,32,33,34,37,38,39,44,45,48,49,50,53,57,59,61,66,68,69,73},e=-10872677157549621085408989003333830
75^27=>{16,17,22,23,24,25,26,29,31,32,34,36,38,40,41,45,46,48,49,50,51,53,55,56,57,58,61,62,63,64,65,66,67,70,71,73},e=-196270226672481141176632718535113
76^27=>{18,22,23,24,25,26,27,29,30,31,32,34,35,38,40,42,43,46,47,49,50,53,55,56,59,61,62,64,68,70,73,74},e=-751432803772901348491194980673754
77^27=>{23,28,29,30,31,33,35,36,38,39,40,41,42,44,46,47,49,50,53,55,57,59,62,63,67,69,70,71,73,75},e=-2356969343632178930863718403026140
78^27=>{17,18,22,23,24,26,27,29,31,35,36,37,38,41,42,44,48,50,53,55,60,67,68,72,75,76},e=-10166922566360766247760071304818
79^27=>{16,19,20,22,24,25,26,27,28,29,30,31,32,33,35,37,38,41,42,46,49,50,51,54,55,56,57,58,59,60,66,68,69,70,72,73,78},e=-211693051746246457698918198843907
80^27=>{14,15,21,23,25,26,27,28,32,35,38,39,40,42,43,44,45,46,49,50,52,53,55,56,57,58,59,60,61,63,66,69,70,73,77,78},e=-3683511015600387844533128424841
81^27=>{16,18,22,23,24,25,26,28,29,32,33,35,37,39,42,44,45,46,50,51,52,55,56,57,58,62,63,64,66,67,68,69,71,72,76,80},e=-147699734184195737597897493884562
82^27=>{15,19,22,24,28,29,34,35,37,41,42,44,45,46,48,49,50,51,53,59,60,62,63,66,67,68,69,71,72,74,75,78,80},e=-29580812948995551472189456013458
83^27=>{14,15,17,20,27,30,32,34,35,37,39,42,43,45,46,49,50,52,53,61,62,65,66,68,69,70,71,72,73,74,75,76,78,81},e=-4259306233628182051091194086692
84^27=>{17,20,21,22,25,27,28,29,33,38,41,42,45,46,52,55,59,60,62,63,64,66,67,68,72,74,75,81,82},e=-185757980952568112714841204247974
85^27=>{13,14,15,20,23,26,29,30,31,32,34,37,38,39,42,43,46,47,49,52,53,56,58,59,60,61,62,64,65,72,74,78,79,84},e=-888868405806237057444665935470
86^27=>{16,17,19,22,23,30,31,33,34,36,40,44,46,47,49,50,53,54,55,56,58,63,65,66,68,69,70,73,77,81,85},e=-125489271360157807312546542812416
87^27=>{15,16,19,27,28,34,36,37,40,41,43,46,49,51,52,59,62,68,70,72,74,76,79,81,86},e=-9715294464231685637973308016670
88^27=>{18,20,21,22,23,25,27,29,30,32,33,35,37,39,40,42,43,44,46,47,50,53,54,55,56,59,60,61,65,66,69,71,72,74,75,76,77,78,83,84,85},e=-3539082704156003912422586056040
89^27=>{15,17,20,21,22,23,24,25,26,28,33,35,36,38,39,40,44,45,49,51,52,56,57,59,60,63,65,66,68,73,76,79,82,85,87},e=-41673185793223693688165757215104
90^27=>{14,15,16,20,22,25,26,28,29,31,34,36,41,42,43,44,45,46,49,53,54,58,59,60,64,65,67,68,70,71,72,74,75,77,78,87,88},e=-3958744786395590492074386326080
91^27=>{14,16,17,18,19,21,22,27,28,31,35,37,44,46,49,51,52,55,58,59,61,64,69,70,75,77,79,80,83,87,89},e=-1306507586985514613978535223130
92^27=>{14,16,17,18,19,22,28,32,34,35,37,38,39,40,45,46,47,49,50,51,53,54,55,58,61,62,64,66,68,70,71,73,75,78,81,84,85,91},e=-944739346486410962112647008456
93^27=>{15,16,17,19,20,24,26,31,34,35,38,39,40,42,44,45,47,48,49,51,54,55,57,60,63,64,65,68,71,73,74,75,76,78,83,84,85,88,91},e=-1014748620692751088264008602533
