2^28=>{1},e=268435455
3^28=>{2,1},e=22876524019504
4^28=>{3,2,1},e=72034716977037518
5^28=>{4,3,2,1},e=37180822513520322271
6^28=>{5,4,3,2,1},e=6103617231009097538237
7^28=>{6,5,4,3,2,1},e=453808269346819427520606
8^28=>{7,6,5,4,3,2,1},e=18876648310091406300865820
9^28=>{8,7,6,5,4,3,2,1},e=503538655109783809923779709
10^28=>{9,8,7,6,5,4,3,2,1},e=9456843389055062735496756667
11^28=>{10,9,8,7,6,5,4,3,2,1},e=133666779495554296773172820748
12^28=>{11,10,9,8,7,6,5,4,3,2,1},e=1493693530892068372648864383082
13^28=>{12,11,10,9,8,7,6,5,4,3,2,1},e=13699733086335439500016312107611
14^28=>{13,12,11,10,9,8,7,6,5,4,3,2,1},e=106170563172258582895707023752825
15^28=>{14,13,12,11,10,9,8,7,6,5,4,3,2,1},e=711444101713691985325431297930938
16^28=>{15,14,13,12,11,10,9,8,7,6,5,4,3,2,1},e=4199287100400661065691559951369784
17^28=>{16,15,14,13,12,11,10,9,8,7,6,5,4,3,2,1},e=22165785860198706696360674658992633
18^28=>{17,16,15,14,13,12,11,10,9,8,7,6,5,4,3,2,1},e=105948661424683491204214394427755127
19^28=>{18,17,16,15,14,13,12,11,10,9,8,7,6,5,4,3,2,1},e=463390224313991636769191842339920616
20^28=>{19,18,17,16,15,14,13,12,11,10,9,8,7,6,5,4,3,2,1},e=1870921416462494600505981208512035334
21^28=>{20,19,18,17,16,15,14,13,12,11,10,9,8,7,6,5,4,3,2,1},e=7025228825072844034791811896870395095
22^28=>{21,20,19,18,17,16,15,14,13,12,11,10,9,8,7,6,5,4,3,2,1},e=24690255726331131618774445962022131509
23^28=>{22,21,20,19,18,17,16,15,14,13,12,11,10,9,8,7,6,5,4,3,2,1},e=81661989856918268400602630666982756118
24^28=>{23,22,21,20,19,18,17,16,15,14,13,12,11,10,9,8,7,6,5,4,3,2,1},e=255375802862107914699947534223804309332
25^28=>{24,23,22,21,20,19,18,17,16,15,14,13,12,11,10,9,8,7,6,5,4,3,2,1},e=758151541442993858883050209868896447605
26^28=>{25,24,23,22,21,20,19,18,17,16,15,14,13,12,11,10,9,8,7,6,5,4,3,2,1},e=2144130816100140849922522858600383418931
27^28=>{26,25,24,23,22,21,20,19,18,17,16,15,14,13,12,11,10,9,8,7,6,5,4,3,2,1},e=5793572326222083954328159247400355019460
28^28=>{27,26,25,24,23,22,21,20,19,18,17,16,15,14,13,12,11,10,9,8,7,6,5,4,3,2,1},e=14994065074351419239695407447330866620834
