3^28=>{1,2},e=22876524019504
4^28=>{1,2,3},e=72034716977037518
5^28=>{1,2,3,4},e=37180822513520322271
6^28=>{1,2,3,4,5},e=6103617231009097538237
7^28=>{1,2,3,4,5,6},e=453808269346819427520606
8^28=>{1,2,3,4,5,6,7},e=18876648310091406300865820
9^28=>{1,2,3,4,5,6,7,8},e=503538655109783809923779709
10^28=>{1,2,3,4,5,6,7,8,9},e=9456843389055062735496756667
11^28=>{1,2,3,4,5,6,7,8,9,10},e=133666779495554296773172820748
12^28=>{1,2,3,4,5,6,7,8,9,10,11},e=1493693530892068372648864383082
13^28=>{1,2,3,4,5,6,7,8,9,10,11,12},e=13699733086335439500016312107611
14^28=>{1,2,3,4,5,6,7,8,9,10,11,12,13},e=106170563172258582895707023752825
15^28=>{1,2,3,4,5,6,7,8,9,10,11,12,13,14},e=711444101713691985325431297930938
16^28=>{1,2,3,4,5,6,7,8,9,10,11,12,13,14,15},e=4199287100400661065691559951369784
17^28=>{1,2,3,4,5,6,7,8,9,10,11,12,13,14,15,16},e=22165785860198706696360674658992633
18^28=>{1,2,3,4,5,6,7,8,9,10,11,12,13,14,15,16,17},e=105948661424683491204214394427755127
19^28=>{1,2,3,4,5,6,7,8,9,10,11,12,13,14,15,16,17,18},e=463390224313991636769191842339920616
20^28=>{1,2,3,4,5,6,7,8,9,10,11,12,13,14,15,16,17,18,19},e=1870921416462494600505981208512035334
21^28=>{1,2,3,4,5,6,7,8,9,10,11,12,13,14,15,16,17,18,19,20},e=7025228825072844034791811896870395095
22^28=>{1,2,3,4,5,6,7,8,9,10,11,12,13,14,15,16,17,18,19,20,21},e=24690255726331131618774445962022131509
23^28=>{1,2,3,4,5,6,7,8,9,10,11,12,13,14,15,16,17,18,19,20,21,22},e=81661989856918268400602630666982756118
24^28=>{1,2,3,4,5,6,7,8,9,10,11,12,13,14,15,16,17,18,19,20,21,22,23},e=255375802862107914699947534223804309332
25^28=>{1,2,3,4,5,6,7,8,9,10,11,12,13,14,15,16,17,18,19,20,21,22,23,24},e=758151541442993858883050209868896447605
26^28=>{1,2,3,4,5,6,7,8,9,10,11,12,13,14,15,16,17,18,19,20,21,22,23,24,25},e=2144130816100140849922522858600383418931
27^28=>{1,2,3,4,5,6,7,8,9,10,11,12,13,14,15,16,17,18,19,20,21,22,23,24,25,26},e=5793572326222083954328159247400355019460
28^28=>{1,2,3,4,5,6,7,8,9,10,11,12,13,14,15,16,17,18,19,20,21,22,23,24,25,26,27},e=14994065074351419239695407447330866620834
29^28=>{1,2,3,4,5,6,7,8,9,10,11,12,13,14,15,16,17,18,19,20,21,22,23,24,25,26,27,28},e=37243920680989881051164716965809107632723
30^28=>{1,2,3,4,5,6,7,8,9,10,11,12,13,14,15,16,17,18,19,20,21,22,23,24,25,26,27,28,29},e=88930041564309457977935184915394202358001
31^28=>{1,2,3,4,5,6,7,8,9,10,11,12,13,14,15,16,17,18,19,20,21,22,23,24,25,26,27,28,29,30},e=204358313532634554101282606252687839901042
32^28=>{1,2,3,4,5,6,7,8,9,10,11,12,13,14,15,16,17,18,19,20,21,22,23,24,25,26,27,28,29,30,31},e=452226646305708308200570155618623158938736
33^28=>{1,2,3,4,5,6,7,8,9,10,11,12,13,14,15,16,17,18,19,20,21,22,23,24,25,26,27,28,29,30,31,32},e=963694274740949981696838869912425913047025
34^28=>{1,2,3,4,5,6,7,8,9,10,11,12,13,14,15,16,17,18,19,20,21,22,23,24,25,26,27,28,29,30,31,32,33},e=1976011155363961588789808048900821363917039
35^28=>{1,2,3,4,5,6,7,8,9,10,11,12,13,14,15,16,17,18,19,20,21,22,23,24,25,26,27,28,29,30,31,32,33,34},e=3890968101243824803355544865000474874394272
36^28=>{1,2,3,4,5,6,7,8,9,10,11,12,13,14,15,16,17,18,19,20,21,22,23,24,25,26,27,28,29,30,31,32,33,34,35},e=7330471742375527429712647728748959814863678
37^28=>{1,2,3,4,5,6,7,8,9,10,11,12,13,14,15,16,17,18,19,20,21,22,23,24,25,26,27,28,29,30,31,32,33,34,35,36},e=13125377982354692000632041721908640044859087
38^28=>{1,2,3,4,5,6,7,8,9,10,11,12,13,14,15,16,17,18,19,20,21,22,23,24,25,26,27,28,29,30,31,32,33,34,35,36,37},e=22063211867148408411309710197807355964544941
39^28=>{1,2,3,4,5,6,7,8,9,10,11,12,13,14,15,16,17,18,19,20,21,22,23,24,25,26,27,28,29,30,31,32,33,34,35,36,37,38},e=33975925056190556469741050723114874550126030
40^28=>{1,2,3,4,5,6,7,8,9,10,11,12,13,14,15,16,17,18,19,20,21,22,23,24,25,26,27,28,29,30,31,32,33,34,35,36,37,38,39},e=45237113096040925928951404641225015000246668
41^28=>{1,2,3,4,5,6,7,8,9,10,11,12,13,14,15,16,17,18,19,20,21,22,23,24,25,26,27,28,29,30,31,32,33,34,35,36,37,38,39,40},e=42711507941004195199051786893907500138516589
42^28=>{30,33,35,36,37,38,39,40,41},e=-73265896896426305329151638986762917046725
43^28=>{28,29,32,36,37,39,40,41,42},e=-8205718552329652720693430121303956945267
44^28=>{34,35,36,37,38,39,41,42,43},e=-706413631448170836490717464165484432549397
45^28=>{24,26,27,29,31,32,35,37,40,42,43,44},e=-103176954925137752625131157525606609765
46^28=>{32,34,40,43,44,45},e=-190343008107895865453547340710920934714178
47^28=>{33,35,36,38,39,41,42,43,45,46},e=-951115955736762487008359362593432663776437
48^28=>{30,31,32,33,37,38,40,43,44,46,47},e=-46868403075393919242161233669050070839333
49^28=>{34,38,39,41,43,45,47,48},e=-956645452170950299592954582859140926813636
50^28=>{35,37,38,39,43,46,48,49},e=-1185868485445653632325514560421809745088117
51^28=>{28,29,31,32,37,38,39,42,43,45,46,49,50},e=-11452964589819657220630894536435050998390
52^28=>{30,33,34,36,37,40,43,44,45,46,47,48,49,51},e=-77156438774758295498906400271223098314055
53^28=>{32,35,38,39,40,43,44,45,46,47,51,52},e=-248825160446288429318911076413743916100213
54^28=>{24,25,26,27,28,29,33,35,37,38,39,44,47,49,50,51,53},e=-113526033087390655782217349114956688523
55^28=>{30,32,35,36,38,39,40,43,45,46,48,49,51,52,54},e=-36803082576512291222776758915582504072421
56^28=>{27,31,32,33,34,37,39,40,42,44,45,47,49,54,55},e=-5198603564388274384764834022911053810201
57^28=>{25,30,31,33,36,40,41,44,45,47,48,50,53,54,56},e=-379202957203957780145827730496768634854
58^28=>{24,25,26,28,29,34,35,38,40,41,42,43,45,46,48,49,50,52,53,55,57},e=-19796313130933999676090095168908386874
59^28=>{26,27,28,29,30,32,33,34,35,36,37,39,41,43,44,47,48,50,53,54,56,58},e=-215360943567035411405473810421193143513
60^28=>{32,37,38,40,41,42,43,45,48,50,51,53,55,57,59},e=-63612398542127628630316968897034560378121
61^28=>{25,26,27,28,29,32,33,37,43,44,46,49,54,56,58,60},e=-251597353039916564298147389525726863958
62^28=>{24,25,27,29,30,31,33,34,36,39,40,42,43,44,45,46,54,57,59,61},e=-147204905355665823832771222119358343595
63^28=>{28,31,33,34,35,37,38,40,44,45,46,47,48,51,52,56,57,60,62},e=-3409851133425871131814478440000527240199
64^28=>{24,26,27,28,30,36,37,40,41,42,43,45,46,50,52,54,55,56,57,59,60,63},e=-195517450487453978044039349620449759065
65^28=>{22,23,24,25,32,36,37,39,41,45,47,49,51,53,54,59,60,61,64},e=-11746974070612377541601290924089098891
66^28=>{28,32,37,39,41,42,43,45,46,47,49,50,52,53,57,59,61,62,65},e=-89565975128558806449154713530676427020
67^28=>{23,31,32,35,36,37,39,41,44,45,48,49,50,52,58,59,60,61,63,66},e=-15645266427267892464856220640197068650
68^28=>{24,29,33,34,35,37,38,39,40,42,43,44,47,48,50,51,52,53,54,56,59,60,65,67},e=-150971363039151936583399150936898022828
69^28=>{22,27,28,31,32,37,38,41,43,46,48,49,51,54,55,56,60,64,65,68},e=-5701363555573351727248284167395572696
70^28=>{27,28,32,34,37,41,42,43,44,46,47,49,50,51,53,55,58,59,61,62,66,67,68},e=-102765186399880180549428863893025232876
71^28=>{19,20,23,24,26,27,28,31,33,34,36,37,38,39,41,43,47,48,49,50,51,53,55,59,60,62,65,66,68,69},e=-189191482177055073874671521429528944
72^28=>{20,24,25,26,28,29,32,33,34,35,36,37,40,41,42,43,44,47,49,50,51,53,54,55,59,61,64,65,67,69,70},e=-1184625811484558427993195525363756657
73^28=>{19,20,22,23,24,25,26,27,29,32,33,34,38,39,41,44,46,47,48,49,50,54,55,56,62,70,72},e=-7796537513402193511820055555280186
74^28=>{19,20,21,22,24,25,26,28,29,33,34,36,39,43,44,45,46,48,52,53,55,56,62,63,67,69,71,72},e=-130649589712352956833031797080025998
75^28=>{20,21,22,25,29,30,32,34,35,37,38,39,41,42,45,46,47,49,51,53,54,55,58,60,62,63,65,66,67,68,70,74},e=-1096631325894519579267977532343637983
76^28=>{18,20,21,22,23,24,26,27,29,32,36,38,39,40,41,43,44,45,46,47,48,49,51,52,55,57,58,64,68,71,73,74},e=-44471526591173684368255284175264047
77^28=>{21,22,24,25,26,29,30,32,36,38,41,44,47,50,53,60,64,66,68,71,72,76},e=-13256017176941808947463228970511942
78^28=>{19,23,25,26,28,30,31,33,35,39,41,42,45,47,48,49,52,54,56,58,59,60,61,62,63,64,65,66,70,74,77},e=-329660339917185990279910246441621968
79^28=>{21,22,24,26,28,29,32,34,36,37,38,40,44,47,49,51,52,53,54,55,56,59,66,68,69,71,72,73,75,77},e=-898912558526867253577239913085088221
80^28=>{21,22,29,30,36,42,43,44,47,49,51,54,56,58,64,66,72,76,79},e=-100766278516102005140881323936794503
81^28=>{17,20,22,26,27,29,30,31,32,35,36,37,38,41,43,44,46,47,49,51,53,56,58,59,60,63,65,67,68,69,70,73,74,75,80},e=-20800393686915766426809559241384706
82^28=>{13,14,15,16,17,19,20,21,24,25,26,28,30,32,33,35,36,38,40,42,46,48,49,50,54,55,56,57,58,60,62,64,65,66,67,68,70,73,75,79,80},e=-5879469612112646384382353314032
83^28=>{16,17,22,23,24,26,27,28,29,31,33,34,35,36,37,41,42,45,46,47,48,49,51,52,53,54,55,56,59,60,61,62,63,65,66,68,69,70,72,74,76,77,82},e=-698065032001446108338189683675636
84^28=>{19,22,23,25,27,28,29,31,33,34,35,36,39,40,41,43,44,45,46,47,48,51,53,54,55,57,58,63,64,65,66,67,68,70,71,73,77,81,82},e=-1325851991170734503928604742117016
85^28=>{17,18,19,20,21,22,23,24,26,27,28,32,34,36,38,39,40,41,47,50,51,53,54,55,56,58,59,60,61,62,65,66,68,71,74,78,82,83},e=-21611631707006712160993496293024607
86^28=>{15,18,20,23,24,26,30,31,32,34,38,40,42,43,44,46,48,49,51,52,53,54,55,58,59,63,64,65,66,68,69,71,73,75,77,79,81,82,83},e=-271629419599787770439521354927411
87^28=>{16,17,19,21,23,25,27,29,31,32,33,34,36,40,41,42,43,44,46,51,52,54,55,57,59,60,61,62,65,66,67,68,70,71,74,75,76,77,78,79,80,81,82,84},e=-1341653792328529448011269489109350
88^28=>{18,22,27,29,31,33,34,36,38,42,44,45,47,49,50,51,52,58,59,60,62,63,65,66,67,69,70,71,74,76,79,83,87},e=-2425213228888265869267413304811057
89^28=>{15,17,21,22,25,26,27,30,32,33,34,37,38,39,41,42,43,44,45,46,47,48,49,50,52,53,54,56,57,59,62,67,69,71,72,74,76,78,80,81,82,88},e=-223779379703813254096059981042275
90^28=>{14,15,16,18,22,24,28,29,30,34,39,40,41,43,44,46,51,52,55,56,57,62,63,66,67,68,69,71,72,73,74,76,79,82,84,85,88},e=-151767476138692786916936522767
91^28=>{17,18,19,21,22,23,27,31,33,34,37,39,41,42,49,50,53,54,55,57,58,60,64,65,66,67,68,70,71,73,74,75,76,78,80,81,82,84,86,89},e=-90264075486832071031131071860852
92^28=>{14,15,20,21,22,26,27,30,32,35,37,39,41,42,43,53,54,56,57,59,63,65,67,68,70,71,72,75,76,77,79,80,83,87,88,89},e=-36364325118583156060475446415237
93^28=>{14,15,16,17,18,19,24,25,26,28,30,32,34,35,36,39,47,52,53,54,60,61,62,63,67,69,70,71,73,76,77,84,85,86,92},e=-43671717895190824639554149555967
94^28=>{14,15,20,21,24,25,27,31,35,36,38,40,41,42,44,46,47,49,52,53,54,55,56,57,59,61,63,64,66,67,70,71,77,81,82,87,90,92},e=-9361035113666843043246250550484
95^28=>{15,16,20,21,29,30,35,36,38,40,44,45,46,47,51,52,54,55,56,57,58,59,61,62,63,65,66,67,69,70,71,72,73,74,76,78,80,81,82,83,84,85,87,90,93},e=-16614889596563531734998751787573
