2^29=>{1},e=536870911
3^29=>{2,1},e=68629840493970
4^29=>{3,2,1},e=288161745237475948
5^29=>{4,3,2,1},e=185976215916029755585
6^29=>{5,4,3,2,1},e=36659100472858731332631
7^29=>{6,5,4,3,2,1},e=3182873549712460672203646
8^29=>{7,6,5,4,3,2,1},e=151485566948758635580918960
9^29=>{8,7,6,5,4,3,2,1},e=4552129254373658401777741593
10^29=>{9,8,7,6,5,4,3,2,1},e=95131871859881168731934534215
11^29=>{10,9,8,7,6,5,4,3,2,1},e=1481441169031372743146371239106
12^29=>{11,10,9,8,7,6,5,4,3,2,1},e=18090182058002540121730022115276
13^29=>{12,11,10,9,8,7,6,5,4,3,2,1},e=180065589525985389865408929915145
14^29=>{13,12,11,10,9,8,7,6,5,4,3,2,1},e=1505663076334234189835617963159183
15^29=>{14,13,12,11,10,9,8,7,6,5,4,3,2,1},e=10831719545838231097933941639543390
16^29=>{15,14,13,12,11,10,9,8,7,6,5,4,3,2,1},e=68341661384677594931956367770346176
17^29=>{16,15,14,13,12,11,10,9,8,7,6,5,4,3,2,1},e=384156734018314025910392310458374801
18^29=>{17,16,15,14,13,12,11,10,9,8,7,6,5,4,3,2,1},e=1948950679132775548827219481028225775
19^29=>{18,17,16,15,14,13,12,11,10,9,8,7,6,5,4,3,2,1},e=9021310495066070687128418860361147218
20^29=>{19,18,17,16,15,14,13,12,11,10,9,8,7,6,5,4,3,2,1},e=38448757705887626998127416817631326860
21^29=>{20,19,18,17,16,15,14,13,12,11,10,9,8,7,6,5,4,3,2,1},e=152057922406704965118129861273156881841
22^29=>{21,20,19,18,17,16,15,14,13,12,11,10,9,8,7,6,5,4,3,2,1},e=561734547291607990834319472083211802471
23^29=>{22,21,20,19,18,17,16,15,14,13,12,11,10,9,8,7,6,5,4,3,2,1},e=1949506552212070109721476311181043080350
24^29=>{23,22,21,20,19,18,17,16,15,14,13,12,11,10,9,8,7,6,5,4,3,2,1},e=6387425772431711840279627547722155430448
25^29=>{24,23,22,21,20,19,18,17,16,15,14,13,12,11,10,9,8,7,6,5,4,3,2,1},e=19841822279154420176203631348317892139625
26^29=>{25,24,23,22,21,20,19,18,17,16,15,14,13,12,11,10,9,8,7,6,5,4,3,2,1},e=58652840981803133294288999385563604175351
27^29=>{26,25,24,23,22,21,20,19,18,17,16,15,14,13,12,11,10,9,8,7,6,5,4,3,2,1},e=165510835427535673797438285521079912894786
28^29=>{27,26,25,24,23,22,21,20,19,18,17,16,15,14,13,12,11,10,9,8,7,6,5,4,3,2,1},e=447069662740281101364926715172568331944620
