3^29=>{1,2},e=68629840493970
4^29=>{1,2,3},e=288161745237475948
5^29=>{1,2,3,4},e=185976215916029755585
6^29=>{1,2,3,4,5},e=36659100472858731332631
7^29=>{1,2,3,4,5,6},e=3182873549712460672203646
8^29=>{1,2,3,4,5,6,7},e=151485566948758635580918960
9^29=>{1,2,3,4,5,6,7,8},e=4552129254373658401777741593
10^29=>{1,2,3,4,5,6,7,8,9},e=95131871859881168731934534215
11^29=>{1,2,3,4,5,6,7,8,9,10},e=1481441169031372743146371239106
12^29=>{1,2,3,4,5,6,7,8,9,10,11},e=18090182058002540121730022115276
13^29=>{1,2,3,4,5,6,7,8,9,10,11,12},e=180065589525985389865408929915145
14^29=>{1,2,3,4,5,6,7,8,9,10,11,12,13},e=1505663076334234189835617963159183
15^29=>{1,2,3,4,5,6,7,8,9,10,11,12,13,14},e=10831719545838231097933941639543390
16^29=>{1,2,3,4,5,6,7,8,9,10,11,12,13,14,15},e=68341661384677594931956367770346176
17^29=>{1,2,3,4,5,6,7,8,9,10,11,12,13,14,15,16},e=384156734018314025910392310458374801
18^29=>{1,2,3,4,5,6,7,8,9,10,11,12,13,14,15,16,17},e=1948950679132775548827219481028225775
19^29=>{1,2,3,4,5,6,7,8,9,10,11,12,13,14,15,16,17,18},e=9021310495066070687128418860361147218
20^29=>{1,2,3,4,5,6,7,8,9,10,11,12,13,14,15,16,17,18,19},e=38448757705887626998127416817631326860
21^29=>{1,2,3,4,5,6,7,8,9,10,11,12,13,14,15,16,17,18,19,20},e=152057922406704965118129861273156881841
22^29=>{1,2,3,4,5,6,7,8,9,10,11,12,13,14,15,16,17,18,19,20,21},e=561734547291607990834319472083211802471
23^29=>{1,2,3,4,5,6,7,8,9,10,11,12,13,14,15,16,17,18,19,20,21,22},e=1949506552212070109721476311181043080350
24^29=>{1,2,3,4,5,6,7,8,9,10,11,12,13,14,15,16,17,18,19,20,21,22,23},e=6387425772431711840279627547722155430448
25^29=>{1,2,3,4,5,6,7,8,9,10,11,12,13,14,15,16,17,18,19,20,21,22,23,24},e=19841822279154420176203631348317892139625
26^29=>{1,2,3,4,5,6,7,8,9,10,11,12,13,14,15,16,17,18,19,20,21,22,23,24,25},e=58652840981803133294288999385563604175351
27^29=>{1,2,3,4,5,6,7,8,9,10,11,12,13,14,15,16,17,18,19,20,21,22,23,24,25,26},e=165510835427535673797438285521079912894786
28^29=>{1,2,3,4,5,6,7,8,9,10,11,12,13,14,15,16,17,18,19,20,21,22,23,24,25,26,27},e=447069662740281101364926715172568331944620
29^29=>{1,2,3,4,5,6,7,8,9,10,11,12,13,14,15,16,17,18,19,20,21,22,23,24,25,26,27,28},e=1158606521559303243622682147715166532914873
30^29=>{1,2,3,4,5,6,7,8,9,10,11,12,13,14,15,16,17,18,19,20,21,22,23,24,25,26,27,28,29},e=2886271951725180974499025718253134279947935
31^29=>{1,2,3,4,5,6,7,8,9,10,11,12,13,14,15,16,17,18,19,20,21,22,23,24,25,26,27,28,29,30},e=6922084231842478954322795779709237043782206
32^29=>{1,2,3,4,5,6,7,8,9,10,11,12,13,14,15,16,17,18,19,20,21,22,23,24,25,26,27,28,29,30,31},e=15999799122715929277746692202093754528074496
33^29=>{1,2,3,4,5,6,7,8,9,10,11,12,13,14,15,16,17,18,19,20,21,22,23,24,25,26,27,28,29,30,31,32},e=35665824010895232395815524557870290601895585
34^29=>{1,2,3,4,5,6,7,8,9,10,11,12,13,14,15,16,17,18,19,20,21,22,23,24,25,26,27,28,29,30,31,32,33},e=76682719508580766169352943640225431816187743
35^29=>{1,2,3,4,5,6,7,8,9,10,11,12,13,14,15,16,17,18,19,20,21,22,23,24,25,26,27,28,29,30,31,32,33,34},e=158927089488628280158092604555189487354054290
36^29=>{1,2,3,4,5,6,7,8,9,10,11,12,13,14,15,16,17,18,19,20,21,22,23,24,25,26,27,28,29,30,31,32,33,34,35},e=317020888209633904093957525985286617574234156
37^29=>{1,2,3,4,5,6,7,8,9,10,11,12,13,14,15,16,17,18,19,20,21,22,23,24,25,26,27,28,29,30,31,32,33,34,35,36},e=606854761651655057244707746129995100691565601
38^29=>{1,2,3,4,5,6,7,8,9,10,11,12,13,14,15,16,17,18,19,20,21,22,23,24,25,26,27,28,29,30,31,32,33,34,35,36,37},e=1108926946879358738045763220996066295314621495
39^29=>{1,2,3,4,5,6,7,8,9,10,11,12,13,14,15,16,17,18,19,20,21,22,23,24,25,26,27,28,29,30,31,32,33,34,35,36,37,38},e=1916267424232674859536548983998696931341642558
40^29=>{1,2,3,4,5,6,7,8,9,10,11,12,13,14,15,16,17,18,19,20,21,22,23,24,25,26,27,28,29,30,31,32,33,34,35,36,37,38,39},e=3076029698166118628445752786804992408896347440
41^29=>{1,2,3,4,5,6,7,8,9,10,11,12,13,14,15,16,17,18,19,20,21,22,23,24,25,26,27,28,29,30,31,32,33,34,35,36,37,38,39,40},e=4413631767568171388519868459164974299565414201
42^29=>{1,2,3,4,5,6,7,8,9,10,11,12,13,14,15,16,17,18,19,20,21,22,23,24,25,26,27,28,29,30,31,32,33,34,35,36,37,38,39,40,41},e=5085808262907728530269714911512358660182893351
43^29=>{1,2,3,4,5,6,7,8,9,10,11,12,13,14,15,16,17,18,19,20,21,22,23,24,25,26,27,28,29,30,31,32,33,34,35,36,37,38,39,40,41,42},e=2545725357705794000439631801219751095337046850
44^29=>{34,35,36,39,40,41,42,43},e=-10448804818256601773148651212985754987989086
45^29=>{36,38,41,42,43,44},e=-124626840562588441607718408831417969801006919
46^29=>{37,40,41,43,44,45},e=-603622076583903307592037484573172299119556854
47^29=>{35,39,40,41,44,45,46},e=-26677429938179140869977852067585255905416113
48^29=>{37,38,41,45,46,47},e=-4753752278194478720878925375158175746025546
49^29=>{30,32,35,43,44,45,47,48},e=-1433316969522801760483858306761121591186985
50^29=>{38,39,45,46,48,49},e=-103364725427881469608624216846719615229431125
51^29=>{33,34,36,38,39,40,41,45,47,49,50},e=-28415744074893081647951673755342435388893291
52^29=>{36,41,43,44,45,46,47,50,51},e=-121841335588613096194837619504604345165610611
53^29=>{27,28,29,31,33,35,37,38,39,41,45,47,48,51,52},e=-98180108136995394165042316825131730825818
54^29=>{24,26,27,30,31,32,33,39,41,42,45,47,49,52,53},e=-4478504797652903234897270464580492738077
55^29=>{32,33,34,36,38,39,43,44,46,50,53,54},e=-2609625809032722150050184087440482521177777
56^29=>{27,29,30,33,34,40,41,43,49,51,52,53,55},e=-12863550508133385393378988334088861869101
57^29=>{28,30,31,34,35,36,37,40,45,46,47,51,55,56},e=-425048288861006355160956899946924818223124
58^29=>{24,28,31,33,34,36,37,38,41,43,50,52,54,55,57},e=-4135954263865780598945544503998511356425
59^29=>{30,33,35,36,38,40,41,42,43,45,46,48,49,51,57,58},e=-9433662002483749247418096700661742000183
60^29=>{33,34,35,36,41,42,43,45,46,48,49,53,54,55,57,59},e=-4594906607711064201433269744500055264509350
61^29=>{31,32,34,35,36,38,39,41,42,43,45,46,59,60},e=-2161579250049916470332871643499052446557720
62^29=>{30,32,33,37,42,43,46,51,52,53,55,57,59,61},e=-2018724112448024153668935716609879108925889
63^29=>{27,28,30,32,33,34,36,37,39,40,41,43,45,48,49,50,51,56,58,60,62},e=-32307794096708864719504092357549902971166
64^29=>{25,26,27,33,34,36,37,38,43,44,45,46,48,52,56,59,61,63},e=-10873709728280056402055051296097418458089
65^29=>{24,27,28,31,32,33,36,43,45,47,48,49,53,55,58,59,62,64},e=-728586833966518416157321760566778535849
66^29=>{27,30,33,34,36,37,38,41,43,44,46,51,54,58,59,61,62,63,64},e=-52300412798754528677860034273029339866335
67^29=>{25,28,29,34,35,36,37,38,39,43,44,47,48,49,52,53,56,58,61,64,66},e=-8949117243224497380430374120832263253775
68^29=>{22,24,25,26,27,28,30,32,37,40,41,43,45,46,47,52,58,62,65,67},e=-492160879387093119610271755689842511869
69^29=>{20,25,26,33,40,43,44,46,52,53,57,58,59,61,63,65,66,67},e=-22128099405674689925552662701131099369
70^29=>{19,21,22,23,25,27,29,30,35,36,40,44,46,48,49,50,56,61,62,63,64,65,67,68},e=-6861284281667419092435412202391391220
71^29=>{29,30,31,32,33,34,35,37,38,40,41,42,45,46,47,49,50,53,55,57,60,61,62,64,67,68,69},e=-5254988061098215387083640195526192575774
72^29=>{20,21,22,23,25,27,28,30,32,37,39,40,41,42,45,48,49,52,53,57,58,61,65,66,67,69,70},e=-28142400971823152888876486447923786535
73^29=>{20,21,22,23,26,28,32,33,36,37,39,40,43,46,47,49,50,53,57,59,63,65,67,69,72},e=-33237341323915003262421121106585417404
74^29=>{23,24,25,26,27,32,33,41,43,46,49,50,52,53,55,57,58,59,61,63,66,67,68,69,73},e=-117029540537030401893100160415198144846
75^29=>{24,26,28,30,32,34,35,36,37,38,39,41,43,44,47,48,51,52,54,58,59,60,61,62,64,65,66,68,71,74},e=-2517074526342764147039282249915377752202
76^29=>{20,21,22,24,30,35,37,38,40,41,42,45,47,48,49,52,53,55,56,59,60,62,64,65,67,68,70,71,75},e=-14720858317309860445097279761794320
77^29=>{22,25,26,27,29,31,35,38,39,40,45,46,47,49,50,51,53,55,56,57,59,66,70,72,74,75},e=-212936023152992439306304386497292042440
78^29=>{21,26,27,29,30,31,32,33,37,38,43,44,45,46,49,51,54,56,58,62,66,68,69,70,71,73,74,76},e=-47210668753017382016677403348967799811
79^29=>{20,21,22,25,26,27,28,37,39,40,41,42,44,46,52,53,54,55,57,58,59,60,61,62,64,65,67,68,69,74,76,77},e=-11999159583409297817914405173206141650
80^29=>{22,23,30,31,32,34,35,36,37,40,45,50,52,58,59,63,71,72,76,79},e=-2145687619552954371499097424250242235
81^29=>{19,20,21,24,27,30,33,34,35,36,37,39,41,45,47,48,51,52,57,59,61,65,66,67,68,69,73,75,78,79},e=-4472278138264037672319622710640948855
82^29=>{20,23,24,27,28,29,30,34,35,40,41,43,44,46,48,50,51,52,55,56,58,60,62,63,65,68,69,71,73,75,77,81},e=-2763528981781986030463369140889627246
83^29=>{18,20,21,22,23,27,28,32,33,34,35,37,39,41,42,43,47,48,53,55,62,64,66,67,68,70,71,72,74,76,77,79,81},e=-1287159453738843783249685475732774682
84^29=>{20,23,24,25,27,32,33,35,36,37,39,40,41,42,45,46,47,50,51,52,55,56,57,58,62,63,64,65,66,67,69,70,71,72,75,76,78,79,80,81},e=-268268502404995662100080120782861565
85^29=>{17,18,19,22,23,25,27,32,35,36,37,43,44,45,46,48,49,50,51,52,53,56,60,65,66,69,71,75,78,80,84},e=-151151241573720497070443951640541211
86^29=>{17,18,19,20,22,23,24,25,26,29,33,34,36,38,40,42,43,45,46,47,49,50,51,55,58,59,60,62,65,67,68,71,72,73,74,75,79,83,84},e=-270972057988983832211489938330966976
87^29=>{20,22,23,28,29,33,35,37,38,39,40,42,43,44,45,47,48,49,50,52,53,56,59,60,62,63,64,66,68,69,73,75,76,77,80,81,86},e=-1637875491946359187183671566018781675
88^29=>{17,20,21,30,33,34,35,37,38,39,42,43,44,46,48,49,51,52,56,57,58,59,60,65,66,70,72,76,79,81,82,87},e=-244567499781634763484876800668223729
89^29=>{17,20,21,23,25,27,28,30,35,38,41,42,43,45,50,52,53,55,56,57,58,59,60,61,64,65,66,68,71,72,73,74,76,78,79,80,81,82,88},e=-191102240934192152568936585242619434
90^29=>{17,19,21,23,24,26,29,31,32,35,39,42,44,46,47,48,51,52,55,56,57,61,63,64,67,69,72,74,76,80,83,84,89},e=-129313847291109564317366033951801096
91^29=>{16,17,18,19,20,23,24,27,29,30,34,39,40,41,46,48,50,53,54,56,57,59,60,62,65,68,71,72,75,76,77,79,80,81,82,83,85,87,88},e=-61895307750328118108613166067799440
92^29=>{18,19,24,25,27,28,29,30,33,34,35,38,39,40,41,46,48,56,58,59,63,65,67,71,73,74,75,76,78,79,81,83,84,85,86,87,89},e=-37474521608041773611013835691067961
93^29=>{16,18,22,24,25,27,28,31,32,33,34,37,38,40,44,45,46,47,48,50,51,52,53,54,56,58,59,63,64,66,68,69,70,71,74,77,78,81,83,88,92},e=-36012611380987812166805042458141719
94^29=>{19,20,24,32,33,34,35,36,37,39,41,44,45,46,47,48,50,53,58,59,64,65,68,70,71,73,74,76,77,78,79,82,83,84,86,88,90,91},e=-32888528414602495722881458164559235
95^29=>{17,21,24,28,31,32,35,38,40,44,46,47,50,51,54,56,60,61,62,63,65,68,71,72,73,75,77,80,84,86,87,91,93},e=-14614246257269122776335218709866847
96^29=>{18,19,22,23,26,28,29,30,34,35,36,39,40,43,45,46,47,50,51,54,57,58,59,62,63,64,65,66,67,69,71,74,75,76,78,79,80,81,82,83,84,86,90,95},e=-6435352830432446399548973426765563
97^29=>{17,21,22,24,26,29,30,32,35,37,38,39,45,46,47,49,53,55,58,62,63,65,66,67,69,70,74,76,77,79,81,83,85,88,91,96},e=-16941575047350220236939916156925378
