2^30=>{1},e=1073741823
3^30=>{2,1},e=205890058352824
4^30=>{3,2,1},e=1152715612401010502
5^30=>{4,3,2,1},e=930169447218665832175
6^30=>{5,4,3,2,1},e=220141444018721066700701
7^30=>{6,5,4,3,2,1},e=22317333895269512438764398
8^30=>{7,6,5,4,3,2,1},e=1215178692599265271162162124
9^30=>{8,7,6,5,4,3,2,1},e=41130456889244708235658346877
10^30=>{9,8,7,6,5,4,3,2,1},e=956348140338812301207069480475
11^30=>{10,9,8,7,6,5,4,3,2,1},e=16405750409225219619765873234276
12^30=>{11,10,9,8,7,6,5,4,3,2,1},e=218883259671222211311598557158098
13^30=>{12,11,10,9,8,7,6,5,4,3,2,1},e=2364126275721627559034249407128299
14^30=>{13,12,11,10,9,8,7,6,5,4,3,2,1},e=21325567343906333060214183785288377
15^30=>{14,13,12,11,10,9,8,7,6,5,4,3,2,1},e=164673761865821228884823472823026650
16^30=>{15,14,13,12,11,10,9,8,7,6,5,4,3,2,1},e=1110399639184968928451647806052589976
17^30=>{16,15,14,13,12,11,10,9,8,7,6,5,4,3,2,1},e=6645409373429902739198034714284119673
18^30=>{17,16,15,14,13,12,11,10,9,8,7,6,5,4,3,2,1},e=35775637529703711981883747434987580599
19^30=>{18,17,16,15,14,13,12,11,10,9,8,7,6,5,4,3,2,1},e=175207936211092246315805837284345076752
20^30=>{19,18,17,16,15,14,13,12,11,10,9,8,7,6,5,4,3,2,1},e=788016524416701816224786798472478489950
21^30=>{20,19,18,17,16,15,14,13,12,11,10,9,8,7,6,5,4,3,2,1},e=3281183165533865916744838132038515144551
22^30=>{21,20,19,18,17,16,15,14,13,12,11,10,9,8,7,6,5,4,3,2,1},e=12736035607203367158741014458770774508373
23^30=>{22,21,20,19,18,17,16,15,14,13,12,11,10,9,8,7,6,5,4,3,2,1},e=46358078358547071297058010757463105960774
24^30=>{23,22,21,20,19,18,17,16,15,14,13,12,11,10,9,8,7,6,5,4,3,2,1},e=159050256930005547876052732111529889041252
25^30=>{24,23,22,21,20,19,18,17,16,15,14,13,12,11,10,9,8,7,6,5,4,3,2,1},e=516650242610886689826467312953665704827125
26^30=>{25,24,23,22,21,20,19,18,17,16,15,14,13,12,11,10,9,8,7,6,5,4,3,2,1},e=1595125667918825514673163861177730487287251
27^30=>{26,25,24,23,22,21,20,19,18,17,16,15,14,13,12,11,10,9,8,7,6,5,4,3,2,1},e=4696691433437046102047319281422514785845948
28^30=>{27,26,25,24,23,22,21,20,19,18,17,16,15,14,13,12,11,10,9,8,7,6,5,4,3,2,1},e=13226854418052267142521543273106911062948074
