3^30=>{1,2},e=205890058352824
4^30=>{1,2,3},e=1152715612401010502
5^30=>{1,2,3,4},e=930169447218665832175
6^30=>{1,2,3,4,5},e=220141444018721066700701
7^30=>{1,2,3,4,5,6},e=22317333895269512438764398
8^30=>{1,2,3,4,5,6,7},e=1215178692599265271162162124
9^30=>{1,2,3,4,5,6,7,8},e=41130456889244708235658346877
10^30=>{1,2,3,4,5,6,7,8,9},e=956348140338812301207069480475
11^30=>{1,2,3,4,5,6,7,8,9,10},e=16405750409225219619765873234276
12^30=>{1,2,3,4,5,6,7,8,9,10,11},e=218883259671222211311598557158098
13^30=>{1,2,3,4,5,6,7,8,9,10,11,12},e=2364126275721627559034249407128299
14^30=>{1,2,3,4,5,6,7,8,9,10,11,12,13},e=21325567343906333060214183785288377
15^30=>{1,2,3,4,5,6,7,8,9,10,11,12,13,14},e=164673761865821228884823472823026650
16^30=>{1,2,3,4,5,6,7,8,9,10,11,12,13,14,15},e=1110399639184968928451647806052589976
17^30=>{1,2,3,4,5,6,7,8,9,10,11,12,13,14,15,16},e=6645409373429902739198034714284119673
18^30=>{1,2,3,4,5,6,7,8,9,10,11,12,13,14,15,16,17},e=35775637529703711981883747434987580599
19^30=>{1,2,3,4,5,6,7,8,9,10,11,12,13,14,15,16,17,18},e=175207936211092246315805837284345076752
20^30=>{1,2,3,4,5,6,7,8,9,10,11,12,13,14,15,16,17,18,19},e=788016524416701816224786798472478489950
21^30=>{1,2,3,4,5,6,7,8,9,10,11,12,13,14,15,16,17,18,19,20},e=3281183165533865916744838132038515144551
22^30=>{1,2,3,4,5,6,7,8,9,10,11,12,13,14,15,16,17,18,19,20,21},e=12736035607203367158741014458770774508373
23^30=>{1,2,3,4,5,6,7,8,9,10,11,12,13,14,15,16,17,18,19,20,21,22},e=46358078358547071297058010757463105960774
24^30=>{1,2,3,4,5,6,7,8,9,10,11,12,13,14,15,16,17,18,19,20,21,22,23},e=159050256930005547876052732111529889041252
25^30=>{1,2,3,4,5,6,7,8,9,10,11,12,13,14,15,16,17,18,19,20,21,22,23,24},e=516650242610886689826467312953665704827125
26^30=>{1,2,3,4,5,6,7,8,9,10,11,12,13,14,15,16,17,18,19,20,21,22,23,24,25},e=1595125667918825514673163861177730487287251
27^30=>{1,2,3,4,5,6,7,8,9,10,11,12,13,14,15,16,17,18,19,20,21,22,23,24,25,26},e=4696691433437046102047319281422514785845948
28^30=>{1,2,3,4,5,6,7,8,9,10,11,12,13,14,15,16,17,18,19,20,21,22,23,24,25,26,27},e=13226854418052267142521543273106911062948074
29^30=>{1,2,3,4,5,6,7,8,9,10,11,12,13,14,15,16,17,18,19,20,21,22,23,24,25,26,27,28},e=35717572618146098260300523599030676816598627
30^30=>{1,2,3,4,5,6,7,8,9,10,11,12,13,14,15,16,17,18,19,20,21,22,23,24,25,26,27,28,29},e=92682907829444852455714487144631741480557425
31^30=>{1,2,3,4,5,6,7,8,9,10,11,12,13,14,15,16,17,18,19,20,21,22,23,24,25,26,27,28,29,30},e=231519163986057689830251359049770927159419826
32^30=>{1,2,3,4,5,6,7,8,9,10,11,12,13,14,15,16,17,18,19,20,21,22,23,24,25,26,27,28,29,30,31},e=557529816000195896139463584688987692184441648
33^30=>{1,2,3,4,5,6,7,8,9,10,11,12,13,14,15,16,17,18,19,20,21,22,23,24,25,26,27,28,29,30,31,32},e=1295711618104235391601877925520206828644459249
34^30=>{1,2,3,4,5,6,7,8,9,10,11,12,13,14,15,16,17,18,19,20,21,22,23,24,25,26,27,28,29,30,31,32,33},e=2908024076390147131270573585213021594125878127
35^30=>{1,2,3,4,5,6,7,8,9,10,11,12,13,14,15,16,17,18,19,20,21,22,23,24,25,26,27,28,29,30,31,32,33,34},e=6304086839416388371160383377186953748770762600
36^30=>{1,2,3,4,5,6,7,8,9,10,11,12,13,14,15,16,17,18,19,20,21,22,23,24,25,26,27,28,29,30,31,32,33,34,35},e=13194971960781842361396843190400758969412081526
37^30=>{1,2,3,4,5,6,7,8,9,10,11,12,13,14,15,16,17,18,19,20,21,22,23,24,25,26,27,28,29,30,31,32,33,34,35,36},e=26634029610397139332936976462075784170623392223
38^30=>{1,2,3,4,5,6,7,8,9,10,11,12,13,14,15,16,17,18,19,20,21,22,23,24,25,26,27,28,29,30,31,32,33,34,35,36,37},e=51722849060454950119603335199917529184274273549
39^30=>{1,2,3,4,5,6,7,8,9,10,11,12,13,14,15,16,17,18,19,20,21,22,23,24,25,26,27,28,29,30,31,32,33,34,35,36,37,38},e=96233424870499828051798592292614345614523721502
40^30=>{1,2,3,4,5,6,7,8,9,10,11,12,13,14,15,16,17,18,19,20,21,22,23,24,25,26,27,28,29,30,31,32,33,34,35,36,37,38,39},e=170287191169075309439257540602059869239157211900
41^30=>{1,2,3,4,5,6,7,8,9,10,11,12,13,14,15,16,17,18,19,20,21,22,23,24,25,26,27,28,29,30,31,32,33,34,35,36,37,38,39,40},e=282774951244901821402296283168819126756588949101
42^30=>{1,2,3,4,5,6,7,8,9,10,11,12,13,14,15,16,17,18,19,20,21,22,23,24,25,26,27,28,29,30,31,32,33,34,35,36,37,38,39,40,41},e=428973718648652024475938065512129233683861206923
43^30=>{1,2,3,4,5,6,7,8,9,10,11,12,13,14,15,16,17,18,19,20,21,22,23,24,25,26,27,28,29,30,31,32,33,34,35,36,37,38,39,40,41,42},e=557029215914625560217040647363681804679401032724
44^30=>{1,2,3,4,5,6,7,8,9,10,11,12,13,14,15,16,17,18,19,20,21,22,23,24,25,26,27,28,29,30,31,32,33,34,35,36,37,38,39,40,41,42,43},e=487268115786160095486636718798035547715363808002
45^30=>{28,29,30,31,32,33,34,36,37,39,40,41,42,43,44},e=-5652739119856904347887657037467142488731926
46^30=>{39,40,42,43,44,45},e=-29649826013518423198054196675615103432623267699
47^30=>{43,44,45,46},e=-504012207235365578209175170889894314349399934977
48^30=>{41,43,45,46,47},e=-177041860613578098384634892349091642742847757876
49^30=>{41,43,46,47,48},e=-27852183298926881860326162949997382904857203898
50^30=>{22,23,24,26,28,30,33,35,40,41,43,44,45,46,48,49},e=-11324411614026487758768639962687025241375
51^30=>{32,33,37,39,42,44,46,47,49,50},e=-142100701187223544131301787323488164053846948
52^30=>{32,37,38,41,43,45,46,48,50,51},e=-446605370670606237128661185569460179119688149
53^30=>{37,41,42,43,45,46,49,51,52},e=-13099918791356717670266914583980009728478595501
54^30=>{42,43,44,45,47,48,49,52,53},e=-9545811350210116463603491095794300162450764845
55^30=>{42,43,46,49,50,53,54},e=-358308799849233698404591218359290964693147968450
56^30=>{38,39,40,41,42,43,44,45,46,49,50,51,52,53,55},e=-38510771444492049289566738071546856773054008600
57^30=>{33,36,39,42,43,45,46,47,52,55,56},e=-230634138133586241234222420945397634173425525
58^30=>{39,42,43,46,49,50,53,54,55,57},e=-46711577339026029120425144842844463849326299526
59^30=>{35,36,37,38,39,42,45,54,55,56,58},e=-501681614259309031677523099738056952688042324
60^30=>{26,27,29,30,32,33,34,35,36,40,44,45,47,50,51,54,56,57,59},e=-716392388845468709483632409930344303207529
61^30=>{30,32,39,41,43,47,48,51,52,54,57,58,60},e=-22525411436896275998676771660630336725121821
62^30=>{30,32,33,34,36,37,39,44,47,49,51,52,54,58,59,61},e=-85280758079026472365744948150339918114104
63^30=>{31,32,36,37,39,41,48,54,59,60,62},e=-98579684344604783707310348421699764490332628
64^30=>{33,34,36,39,40,43,44,47,48,51,52,56,57,59,61,63},e=-213784272463169716849329981866901856341247625
65^30=>{36,38,39,41,42,43,44,46,50,51,52,53,54,56,57,58,59,60,61,62,63},e=-1273872334043352830860089136142172728825376
66^30=>{30,35,36,40,41,42,43,45,50,52,54,57,59,60,61,62,63,64},e=-6545162664422578231398683229032185884500224
67^30=>{23,24,25,28,29,31,35,36,43,44,45,46,48,50,51,52,53,55,56,57,58,59,60,62,63,64,65},e=-45900387240710198490889915677690238318701
68^30=>{27,30,31,34,35,38,39,44,46,47,48,53,55,57,62,63,64,65,66},e=-1828158465702837565586252127363149855425250
69^30=>{25,26,27,28,29,30,31,32,34,35,38,40,41,44,45,46,47,48,49,50,53,55,59,60,63,66,68},e=-56183451844468886012638900377037638586100
70^30=>{26,29,31,33,35,37,40,41,42,43,46,48,50,51,53,55,57,58,59,61,63,65,66,69},e=-391294965286319801573719486358487669640776
71^30=>{28,29,30,31,33,34,36,38,39,42,43,45,46,48,49,50,51,52,53,54,57,65,68,70},e=-1252282056090294150431157122225200683914098
72^30=>{21,22,27,29,34,35,36,37,39,44,45,47,52,53,54,55,56,57,59,60,64,66,68,69,70},e=-1548791658040835252515670633900175310005
73^30=>{25,29,30,33,35,36,37,38,40,41,45,46,47,51,52,53,57,58,61,66,70,72},e=-106475740227123981709710721404807220183699
74^30=>{23,24,25,26,30,34,38,40,42,46,51,52,53,54,57,59,60,63,65,67,70,71,72},e=-39461811931261283449750892346272994782698
75^30=>{25,26,27,29,30,31,33,34,35,37,43,44,46,48,50,51,53,54,55,56,57,58,60,61,62,63,66,67,71,72,73},e=-87080000970645996980473553761827422663024
76^30=>{20,21,22,24,25,26,30,32,34,35,36,38,41,42,44,47,48,49,50,53,54,55,56,57,59,60,63,65,67,70,71,73,74},e=-684368152044026556419718943195597380151
77^30=>{24,26,28,30,31,32,33,34,35,37,39,41,42,44,47,50,51,52,55,62,64,67,74,76},e=-52099887950889941143222888296515851640753
78^30=>{23,24,25,28,29,30,33,34,37,38,40,41,44,46,47,48,49,50,56,57,58,60,61,62,64,67,68,69,70,73,75,76},e=-28222530100441069618571875975058043796350
79^30=>{20,22,24,31,33,35,37,38,40,44,46,51,52,53,54,55,56,58,59,60,61,62,65,66,67,70,71,73,74,78},e=-278539789919726407226353683699056134900
80^30=>{20,22,23,26,29,30,31,33,35,39,40,41,43,44,45,47,48,49,51,52,53,56,60,62,64,68,70,72,75,77,78},e=-94646838093767885605115281639430988047
81^30=>{23,25,27,28,31,32,35,36,37,40,42,46,49,50,52,55,56,60,62,64,65,66,70,73,75,76,77,79},e=-2366156318490589522615890491433056061748
82^30=>{19,20,22,24,25,27,30,31,32,35,36,37,39,40,41,44,46,47,48,51,53,54,55,57,58,60,61,62,63,65,66,67,68,69,70,73,76,77,81},e=-172944482577870183909619418206781764101
83^30=>{21,22,24,28,32,37,40,42,43,45,46,48,51,52,55,57,59,60,66,67,68,69,72,73,77,78,82},e=-7899415793613302193931081807479010667
84^30=>{21,24,27,28,34,35,36,37,40,42,44,45,46,49,51,52,55,56,58,67,68,73,75,77,79,80,82},e=-3134973351037074961046548706809637773573
85^30=>{20,21,22,23,24,27,29,32,33,34,37,38,39,40,45,47,49,52,53,56,57,58,60,62,63,64,68,69,70,72,75,78,80,81,83},e=-466990895476121263082577297975918863792
86^30=>{19,20,22,25,28,29,30,32,33,37,39,40,43,46,47,49,51,52,53,55,56,57,58,60,62,63,64,65,66,67,69,70,74,80,81,85},e=-23728742585846901828315915130918611547
87^30=>{18,19,20,22,25,26,27,28,29,30,31,38,39,40,41,42,43,45,48,50,51,55,57,64,65,67,68,69,72,75,77,80,82,86},e=-1220974914464383219770125384535890272
88^30=>{20,29,30,31,32,34,35,38,39,40,44,45,47,50,54,56,64,67,68,69,71,73,75,77,78,80,83,87},e=-11848669892680398865690304004221616526
89^30=>{16,18,20,26,27,31,32,33,35,36,41,44,45,46,47,49,50,51,52,54,55,58,61,62,63,64,66,70,71,72,73,74,76,77,79,81,83,85,87},e=-1036830700005500630803941867034259603
90^30=>{20,21,25,26,27,29,31,32,34,36,38,45,48,50,53,56,57,60,61,65,66,69,70,72,74,75,78,79,81,82,83,86,88},e=-19421821800691008263663475458067096503
91^30=>{18,19,22,24,25,26,27,28,29,33,34,38,39,41,46,47,49,52,55,57,61,62,65,66,69,70,72,75,76,77,79,84,88,89},e=-761703083825331326448464611982710177
92^30=>{18,19,21,22,23,25,27,28,32,33,34,35,37,38,40,41,42,45,46,48,49,50,51,53,57,58,59,61,62,67,68,69,71,73,74,75,76,83,85,86,91},e=-4777935108464818919857535275672877672
93^30=>{16,17,20,22,24,25,26,27,30,32,33,34,35,39,40,45,47,48,49,51,52,53,54,57,58,61,62,68,69,72,74,75,77,78,79,80,81,86,87,92},e=-476863619284337751092517337857172722
94^30=>{20,22,23,24,25,26,28,31,32,33,34,35,36,37,38,45,46,49,50,53,56,57,58,59,60,61,65,66,67,70,71,72,74,77,78,79,80,81,84,86,88,93},e=-8256612023460811095544899370817169275
95^30=>{17,19,20,22,23,27,30,32,33,34,35,37,38,39,41,42,44,46,49,51,61,62,64,67,70,71,73,74,75,77,85,86,92,93},e=-1043333410422777300639903548900594698
96^30=>{17,18,19,23,28,29,33,34,37,39,40,41,42,43,46,47,48,49,50,53,54,56,57,58,59,60,61,63,65,66,67,68,69,70,72,75,76,77,79,80,81,87,91,95},e=-295740296743303652428702823982849722
97^30=>{18,20,23,24,25,28,29,30,32,35,36,37,38,39,40,41,42,44,46,47,48,49,50,51,53,54,57,59,61,65,66,67,70,72,73,76,78,79,81,84,88,90,93,95},e=-1137622750931009307287790209370730076
98^30=>{16,17,18,20,22,26,27,28,36,37,40,41,42,43,44,47,49,52,53,55,57,59,64,67,68,69,70,71,72,73,75,76,77,79,81,82,83,84,88,95,96},e=-509910142822546213697621122337087621
99^30=>{18,19,23,25,26,28,29,31,32,33,34,36,37,45,46,47,48,50,51,52,56,57,58,59,60,62,66,67,69,72,73,74,77,79,81,82,83,84,85,87,94,98},e=-409302434757695665811900828941102996
