2^31=>{1},e=2147483647
3^31=>{2,1},e=617671248800298
4^31=>{3,2,1},e=4611068342883620308
5^31=>{4,3,2,1},e=4652000569383421422625
6^31=>{5,4,3,2,1},e=1321782293147628783665031
7^31=>{6,5,4,3,2,1},e=156444277291344635103910462
8^31=>{7,6,5,4,3,2,1},e=9744413827504695221066818768
9^31=>{8,7,6,5,4,3,2,1},e=371457797675884442451330729993
10^31=>{9,8,7,6,5,4,3,2,1},e=9608416948721992779194030932375
11^31=>{10,9,8,7,6,5,4,3,2,1},e=181551841906472473283340872224186
12^31=>{11,10,9,8,7,6,5,4,3,2,1},e=2646180757588209188222450686817652
13^31=>{12,11,10,9,8,7,6,5,4,3,2,1},e=31009092593843018321274812319293113
14^31=>{13,12,11,10,9,8,7,6,5,4,3,2,1},e=301709258835728785258554996479200303
15^31=>{14,13,12,11,10,9,8,7,6,5,4,3,2,1},e=2500335041375421413471576406532926750
16^31=>{15,14,13,12,11,10,9,8,7,6,5,4,3,2,1},e=18015451196947552779877748465256721216
17^31=>{16,15,14,13,12,11,10,9,8,7,6,5,4,3,2,1},e=114769072670681259308373940025753415217
18^31=>{17,16,15,14,13,12,11,10,9,8,7,6,5,4,3,2,1},e=655500110935239356789824771056000149583
19^31=>{18,17,16,15,14,13,12,11,10,9,8,7,6,5,4,3,2,1},e=3395748105097428189845931907750368373738
20^31=>{19,18,17,16,15,14,13,12,11,10,9,8,7,6,5,4,3,2,1},e=16112853105004010018116570170324903224500
21^31=>{20,19,18,17,16,15,14,13,12,11,10,9,8,7,6,5,4,3,2,1},e=70616836216464456129037648175211672971121
22^31=>{21,20,19,18,17,16,15,14,13,12,11,10,9,8,7,6,5,4,3,2,1},e=287904890511427811653993630030453452284407
23^31=>{22,21,20,19,18,17,16,15,14,13,12,11,10,9,8,7,6,5,4,3,2,1},e=1098684179832140665721357102888105741035678
24^31=>{23,22,21,20,19,18,17,16,15,14,13,12,11,10,9,8,7,6,5,4,3,2,1},e=3945485163129446829666009523958550528564048
25^31=>{24,23,22,21,20,19,18,17,16,15,14,13,12,11,10,9,8,7,6,5,4,3,2,1},e=13395246557458997783681921704865763476565625
26^31=>{25,24,23,22,21,20,19,18,17,16,15,14,13,12,11,10,9,8,7,6,5,4,3,2,1},e=43170331091442214324107956440083354558810151
27^31=>{26,25,24,23,22,21,20,19,18,17,16,15,14,13,12,11,10,9,8,7,6,5,4,3,2,1},e=132539004563003662021727394845924473661377722
28^31=>{27,26,25,24,23,22,21,20,19,18,17,16,15,14,13,12,11,10,9,8,7,6,5,4,3,2,1},e=388839495268405276006788461572041024100320148
