3^31=>{1,2},e=617671248800298
4^31=>{1,2,3},e=4611068342883620308
5^31=>{1,2,3,4},e=4652000569383421422625
6^31=>{1,2,3,4,5},e=1321782293147628783665031
7^31=>{1,2,3,4,5,6},e=156444277291344635103910462
8^31=>{1,2,3,4,5,6,7},e=9744413827504695221066818768
9^31=>{1,2,3,4,5,6,7,8},e=371457797675884442451330729993
10^31=>{1,2,3,4,5,6,7,8,9},e=9608416948721992779194030932375
11^31=>{1,2,3,4,5,6,7,8,9,10},e=181551841906472473283340872224186
12^31=>{1,2,3,4,5,6,7,8,9,10,11},e=2646180757588209188222450686817652
13^31=>{1,2,3,4,5,6,7,8,9,10,11,12},e=31009092593843018321274812319293113
14^31=>{1,2,3,4,5,6,7,8,9,10,11,12,13},e=301709258835728785258554996479200303
15^31=>{1,2,3,4,5,6,7,8,9,10,11,12,13,14},e=2500335041375421413471576406532926750
16^31=>{1,2,3,4,5,6,7,8,9,10,11,12,13,14,15},e=18015451196947552779877748465256721216
17^31=>{1,2,3,4,5,6,7,8,9,10,11,12,13,14,15,16},e=114769072670681259308373940025753415217
18^31=>{1,2,3,4,5,6,7,8,9,10,11,12,13,14,15,16,17},e=655500110935239356789824771056000149583
19^31=>{1,2,3,4,5,6,7,8,9,10,11,12,13,14,15,16,17,18},e=3395748105097428189845931907750368373738
20^31=>{1,2,3,4,5,6,7,8,9,10,11,12,13,14,15,16,17,18,19},e=16112853105004010018116570170324903224500
21^31=>{1,2,3,4,5,6,7,8,9,10,11,12,13,14,15,16,17,18,19,20},e=70616836216464456129037648175211672971121
22^31=>{1,2,3,4,5,6,7,8,9,10,11,12,13,14,15,16,17,18,19,20,21},e=287904890511427811653993630030453452284407
23^31=>{1,2,3,4,5,6,7,8,9,10,11,12,13,14,15,16,17,18,19,20,21,22},e=1098684179832140665721357102888105741035678
24^31=>{1,2,3,4,5,6,7,8,9,10,11,12,13,14,15,16,17,18,19,20,21,22,23},e=3945485163129446829666009523958550528564048
25^31=>{1,2,3,4,5,6,7,8,9,10,11,12,13,14,15,16,17,18,19,20,21,22,23,24},e=13395246557458997783681921704865763476565625
26^31=>{1,2,3,4,5,6,7,8,9,10,11,12,13,14,15,16,17,18,19,20,21,22,23,24,25},e=43170331091442214324107956440083354558810151
27^31=>{1,2,3,4,5,6,7,8,9,10,11,12,13,14,15,16,17,18,19,20,21,22,23,24,25,26},e=132539004563003662021727394845924473661377722
28^31=>{1,2,3,4,5,6,7,8,9,10,11,12,13,14,15,16,17,18,19,20,21,22,23,24,25,26,27},e=388839495268405276006788461572041024100320148
29^31=>{1,2,3,4,5,6,7,8,9,10,11,12,13,14,15,16,17,18,19,20,21,22,23,24,25,26,27,28},e=1093042503312707670206892928925105932870556233
30^31=>{1,2,3,4,5,6,7,8,9,10,11,12,13,14,15,16,17,18,19,20,21,22,23,24,25,26,27,28,29},e=2950928356535020541873897871747536808125361375
31^31=>{1,2,3,4,5,6,7,8,9,10,11,12,13,14,15,16,17,18,19,20,21,22,23,24,25,26,27,28,29,30},e=7666634561579316500484540900806851564170095806
32^31=>{1,2,3,4,5,6,7,8,9,10,11,12,13,14,15,16,17,18,19,20,21,22,23,24,25,26,27,28,29,30,31},e=19200212466723560777128405865072066416328518912
33^31=>{1,2,3,4,5,6,7,8,9,10,11,12,13,14,15,16,17,18,19,20,21,22,23,24,25,26,27,28,29,30,31,32},e=46414707321568783889504651051401288192274592993
34^31=>{1,2,3,4,5,6,7,8,9,10,11,12,13,14,15,16,17,18,19,20,21,22,23,24,25,26,27,28,29,30,31,32,33},e=108418685278321701553398276040417409037093856543
35^31=>{1,2,3,4,5,6,7,8,9,10,11,12,13,14,15,16,17,18,19,20,21,22,23,24,25,26,27,28,29,30,31,32,33,34},e=244876215650875805459194955197811501617529694250
36^31=>{1,2,3,4,5,6,7,8,9,10,11,12,13,14,15,16,17,18,19,20,21,22,23,24,25,26,27,28,29,30,31,32,33,34,35},e=534930872879355952606793800934069288205636706836
37^31=>{1,2,3,4,5,6,7,8,9,10,11,12,13,14,15,16,17,18,19,20,21,22,23,24,25,26,27,28,29,30,31,32,33,34,35,36},e=1129923361876500455532424236533594428381776902977
38^31=>{1,2,3,4,5,6,7,8,9,10,11,12,13,14,15,16,17,18,19,20,21,22,23,24,25,26,27,28,29,30,31,32,33,34,35,36,37},e=2305671328200684889326117144210029204765576415463
39^31=>{1,2,3,4,5,6,7,8,9,10,11,12,13,14,15,16,17,18,19,20,21,22,23,24,25,26,27,28,29,30,31,32,33,34,35,36,37,38},e=4536507078136525998055807439577785467302738692478
40^31=>{1,2,3,4,5,6,7,8,9,10,11,12,13,14,15,16,17,18,19,20,21,22,23,24,25,26,27,28,29,30,31,32,33,34,35,36,37,38,39},e=8577525468387816748166706423646160888663444818000
41^31=>{1,2,3,4,5,6,7,8,9,10,11,12,13,14,15,16,17,18,19,20,21,22,23,24,25,26,27,28,29,30,31,32,33,34,35,36,37,38,39,40},e=15495366640710397690651294868883290446878146043241
42^31=>{1,2,3,4,5,6,7,8,9,10,11,12,13,14,15,16,17,18,19,20,21,22,23,24,25,26,27,28,29,30,31,32,33,34,35,36,37,38,39,40,41},e=26472376410246947147670327212435833452858444346167
43^31=>{1,2,3,4,5,6,7,8,9,10,11,12,13,14,15,16,17,18,19,20,21,22,23,24,25,26,27,28,29,30,31,32,33,34,35,36,37,38,39,40,41,42},e=41944483404649391446537176767006251249590928320058
44^31=>{1,2,3,4,5,6,7,8,9,10,11,12,13,14,15,16,17,18,19,20,21,22,23,24,25,26,27,28,29,30,31,32,33,34,35,36,37,38,39,40,41,42,43},e=59062547217460022593880486143728235573012913012788
45^31=>{1,2,3,4,5,6,7,8,9,10,11,12,13,14,15,16,17,18,19,20,21,22,23,24,25,26,27,28,29,30,31,32,33,34,35,36,37,38,39,40,41,42,43,44},e=65289848765308263631097662239638330298810278657625
46^31=>{1,2,3,4,5,6,7,8,9,10,11,12,13,14,15,16,17,18,19,20,21,22,23,24,25,26,27,28,29,30,31,32,33,34,35,36,37,38,39,40,41,42,43,44,45},e=23604893209454803863676967638178205797292847776271
47^31=>{34,36,39,42,43,44,45,46},e=-40061697341897675345239711616432775093452829936
48^31=>{37,39,41,44,45,46,47},e=-765215163786498054161694838071060411983697619409
49^31=>{41,43,44,46,47,48},e=-12902332406818515157433651552701624070310735123994
50^31=>{33,34,36,39,40,41,42,43,44,47,48,49},e=-27115108629841003456574282209426195965129161780
51^31=>{39,41,43,44,48,49,50},e=-6263429742184375631425622093849289681981615881
52^31=>{35,41,44,46,47,48,50,51},e=-98586907920126988912372830142356095186967682414
53^31=>{31,32,33,35,37,40,41,43,45,48,49,51,52},e=-87963751705092151019707507257777878477154280
54^31=>{33,34,39,40,43,45,46,48,50,52,53},e=-36438909040498816023785526763108612740736889661
55^31=>{38,39,42,43,44,46,48,51,53,54},e=-305505720988275961231752310525179704808198081835
56^31=>{36,37,39,41,42,43,44,46,49,50,51,54,55},e=-134216468815356017983769562797839942350033027507
57^31=>{41,43,44,45,46,48,49,50,52,55,56},e=-4936510976105123126504932826812125181412003501200
58^31=>{35,36,37,42,45,48,49,50,53,56,57},e=-147421802166166352833790690058058788014406880212
59^31=>{25,26,27,29,32,33,34,35,38,40,42,43,44,45,47,49,51,52,54,55,56,58},e=-7822681880306587473317415507117656328409012
60^31=>{33,34,35,37,42,45,48,49,50,51,52,53,54,56,57,59},e=-1355270563144345107145257078744773085452800931
61^31=>{34,36,39,41,42,43,44,46,47,48,49,51,54,55,57,58,60},e=-43333409138579668646459996271617108854680039113
62^31=>{33,35,36,37,38,40,41,49,50,51,52,53,54,55,58,59,61},e=-6580129574914667550825174169391471584264227242
63^31=>{36,38,39,41,46,47,49,52,53,55,56,57,58,60,62},e=-45838878464141035370562249348413733929358619838
64^31=>{31,34,38,39,40,41,44,47,48,49,50,51,52,55,62,63},e=-2608965765835593209896799805297153006826400240
65^31=>{29,30,31,32,33,34,37,38,39,42,45,48,49,50,51,52,63,64},e=-872109881852633022848261950857843880599293352
66^31=>{26,28,29,30,31,32,33,34,35,36,38,41,46,47,48,49,50,52,55,58,59,61,63,65},e=-8749916008828872555871808526030240111776072
67^31=>{33,34,38,39,40,42,43,44,45,48,49,55,56,57,58,59,60,61,64,66},e=-63513479643585920205925537267059953924087070
68^31=>{27,28,31,32,34,36,37,39,40,41,48,51,53,54,55,57,60,63,65,67},e=-23302778108763518863809866472213107316959842
69^31=>{23,24,26,29,33,34,35,36,37,38,39,41,46,47,48,49,50,53,54,56,58,59,64,66,68},e=-302938328515326382498030637280434508001224
70^31=>{22,27,28,31,33,37,38,39,43,44,46,47,53,54,56,57,61,62,64,67,69},e=-52554556291708732084986306231203053391900
71^31=>{25,30,32,38,39,40,42,45,50,56,62,64,66,67,68,69},e=-12249119072901367868802165510940691689171814
72^31=>{30,37,39,40,41,42,44,45,48,49,50,51,52,54,55,56,59,60,64,65,67,68,71},e=-51684489294756216437391219201811367740092011
73^31=>{26,27,28,32,33,37,38,39,41,42,43,48,51,55,58,59,60,61,62,64,66,70,72},e=-14715517349453816991466604354116500625213285
74^31=>{20,23,25,26,27,31,33,34,35,37,38,39,40,41,42,44,52,55,57,60,61,65,66,69,70,73},e=-15391884143308945440297286215844064523255
75^31=>{27,28,30,32,34,35,36,37,38,39,41,42,43,44,45,47,48,49,51,52,55,59,64,66,69,71,72,73},e=-9777480253171821734620249655150460431530834
76^31=>{24,25,27,30,32,33,34,39,40,42,43,44,45,47,48,50,51,52,54,58,59,60,61,63,66,68,73,75},e=-1523933279270351552971780107446685779215945
77^31=>{25,29,30,33,36,37,38,39,41,43,44,45,52,53,54,55,57,58,60,61,65,67,68,69,73,74,75},e=-11050187804338567926934923364796352177115670
78^31=>{24,25,27,38,40,43,44,45,46,47,49,50,53,54,59,61,63,64,65,66,67,69,72,73,75,76},e=-3642257613947606600160940471565629983845757
79^31=>{26,27,28,29,30,31,32,33,36,38,39,40,43,47,53,54,56,59,60,61,62,63,64,71,73,75,78},e=-7680719352358506124887071978787428013197945
80^31=>{25,26,30,34,35,37,38,41,44,48,49,50,54,55,56,57,58,60,61,65,66,67,68,71,73,74,75,79},e=-1090048978186698454617285966454215880187934
81^31=>{27,28,29,30,31,34,36,37,38,40,41,42,43,47,49,50,51,52,53,54,57,58,59,62,63,64,65,66,67,70,71,72,73,75,76,77,79},e=-249355502798080165234982722305620020147813
82^31=>{22,23,24,25,26,27,29,31,32,33,34,35,36,39,44,46,48,49,50,51,52,56,57,61,63,64,65,68,69,76,78,81},e=-201759850597213226539624277569046052075170
83^31=>{21,22,24,26,27,28,31,32,33,34,36,39,41,42,44,45,46,47,49,50,53,56,60,61,62,63,65,72,73,76,79,82},e=-20788913306816554964768782427358903734660
84^31=>{21,22,24,25,27,28,31,33,38,40,41,42,44,47,48,50,52,55,57,58,59,63,66,67,69,72,73,74,76,80,83},e=-58693905385244636486165274024988264644911
85^31=>{19,20,25,26,30,34,37,40,41,42,43,45,46,47,48,50,51,55,59,60,61,63,64,65,66,67,68,69,71,75,77,78,80,81,83},e=-120605217351518390734853006868170300785
86^31=>{21,22,25,31,33,36,39,40,43,44,45,46,47,48,49,50,51,52,53,55,56,57,58,59,61,62,65,66,70,73,74,75,77,78,79,83,84},e=-7005871221751443835155979702343058730849
87^31=>{20,22,24,25,26,27,28,29,30,35,37,38,39,40,42,43,44,46,47,48,49,51,56,57,59,64,67,68,70,71,72,73,77,78,81,84,85},e=-8652709189605086056547743289461485864961
88^31=>{19,22,25,32,35,43,46,47,48,50,53,56,59,61,62,63,64,65,67,69,70,71,72,74,75,77,78,82,85,86},e=-2313670762538854091459617357562607527322
89^31=>{24,30,31,32,33,34,35,39,40,42,44,45,48,49,50,52,54,55,56,58,66,73,75,77,80,85,88},e=-2453119932389579705566109061256109764180
90^31=>{22,25,26,29,30,31,32,33,34,35,36,37,39,40,41,45,46,47,48,51,52,53,54,55,57,58,59,60,61,63,70,71,74,75,77,79,80,83,84,86,88},e=-14999264889018221616621737582510893843026
91^31=>{22,25,29,32,33,37,38,39,41,43,45,50,51,54,55,56,57,58,60,61,66,67,68,70,75,76,79,82,83,86,90},e=-10262130532084371171395876530836894803177
92^31=>{19,24,26,28,29,31,32,34,35,36,37,38,39,41,42,44,45,46,47,48,50,52,53,55,56,57,59,63,64,65,67,68,69,70,71,73,74,77,78,79,80,82,83,84,86,91},e=-160475841966566789990222868099736506869
93^31=>{19,24,27,28,30,31,35,37,38,39,44,46,47,51,52,55,56,59,62,63,64,65,68,69,70,71,73,75,76,77,79,82,83,84,85,86,87,89,90},e=-1748080433600181162130100984685290717031
94^31=>{19,20,22,25,26,27,28,30,31,32,34,36,38,39,41,43,44,45,46,47,49,52,53,55,57,58,59,60,61,62,67,68,76,77,80,83,84,87,88,93},e=-678363783552933588482925024387653539594
95^31=>{18,21,22,24,25,26,27,28,29,30,31,32,38,40,41,44,45,46,47,48,50,52,53,54,55,56,59,60,61,67,69,73,75,77,78,80,81,82,87,90,94},e=-428217036142811074649911427522460404632
96^31=>{17,20,22,24,25,26,28,30,31,34,37,39,40,44,46,49,50,51,52,55,58,59,61,62,63,64,66,68,69,70,73,75,77,78,79,81,82,83,84,86,87,88,89,91,94},e=-2228309103469888212755861033731793571
97^31=>{17,23,24,25,27,29,30,33,34,37,38,39,40,47,50,51,52,53,54,55,58,59,61,64,65,68,70,71,73,74,75,76,77,78,81,83,87,88,94,95},e=-113936760187228862010087598039772523694
98^31=>{18,19,24,25,26,27,28,29,30,32,34,36,41,45,46,50,54,56,58,59,63,65,66,67,71,74,75,76,77,78,80,84,85,89,93,97},e=-188883753690001355686055798774002690819
99^31=>{15,16,18,19,24,28,30,32,33,34,35,38,40,43,44,47,51,52,53,56,61,64,66,67,68,69,72,74,76,78,79,80,81,82,84,85,86,87,88,89,91,95,97},e=-1376187265246407151980075450665274082
100^31=>{18,22,23,25,27,30,32,33,35,39,40,48,50,53,55,56,57,59,62,63,64,66,67,68,70,71,73,74,75,77,83,88,90,91,94,95,98},e=-4883857804234821155667018701467312597
