2^32=>{1},e=4294967295
3^32=>{2,1},e=1853015893884544
4^32=>{3,2,1},e=18444891049225732478
5^32=>{4,3,2,1},e=23264615768288769519871
6^32=>{5,4,3,2,1},e=7935359596983915728130557
7^32=>{6,5,4,3,2,1},e=1096445711621011760264645886
8^32=>{7,6,5,4,3,2,1},e=78115752877397508061197997820
9^32=>{8,7,6,5,4,3,2,1},e=3353343248141381317531959186429
10^32=>{9,8,7,6,5,4,3,2,1},e=96485975607556356348216261007867
11^32=>{10,9,8,7,6,5,4,3,2,1},e=2007863650142811641893831515217788
12^32=>{11,10,9,8,7,6,5,4,3,2,1},e=31967297488239153182171442972923002
13^32=>{12,11,10,9,8,7,6,5,4,3,2,1},e=406382182890746147263746951189458171
14^32=>{13,12,11,10,9,8,7,6,5,4,3,2,1},e=4264304397012045453355563866681818105
15^32=>{14,13,12,11,10,9,8,7,6,5,4,3,2,1},e=37921331241061003548365234060314847738
16^32=>{15,14,13,12,11,10,9,8,7,6,5,4,3,2,1},e=291915721507201628010918727905657277944
17^32=>{16,15,14,13,12,11,10,9,8,7,6,5,4,3,2,1},e=1979262582425791946928275810363072102393
18^32=>{17,16,15,14,13,12,11,10,9,8,7,6,5,4,3,2,1},e=11990999105865539730517226803886448761847
19^32=>{18,17,16,15,14,13,12,11,10,9,8,7,6,5,4,3,2,1},e=65694328740831647811391836133097809371256
20^32=>{19,18,17,16,15,14,13,12,11,10,9,8,7,6,5,4,3,2,1},e=328794160219056702548533963122013971535734
21^32=>{20,19,18,17,16,15,14,13,12,11,10,9,8,7,6,5,4,3,2,1},e=1516327478519726070877876601224636136214775
22^32=>{21,20,19,18,17,16,15,14,13,12,11,10,9,8,7,6,5,4,3,2,1},e=6491571985151840784648750358049728820600309
23^32=>{22,21,20,19,18,17,16,15,14,13,12,11,10,9,8,7,6,5,4,3,2,1},e=25963886372404004923691706509505762099492598
24^32=>{23,22,21,20,19,18,17,16,15,14,13,12,11,10,9,8,7,6,5,4,3,2,1},e=97557450015932315557485284112371802852902132
25^32=>{24,23,22,21,20,19,18,17,16,15,14,13,12,11,10,9,8,7,6,5,4,3,2,1},e=346035766929551627134016232471543747833455605
