3^32=>{1,2},e=1853015893884544
4^32=>{1,2,3},e=18444891049225732478
5^32=>{1,2,3,4},e=23264615768288769519871
6^32=>{1,2,3,4,5},e=7935359596983915728130557
7^32=>{1,2,3,4,5,6},e=1096445711621011760264645886
8^32=>{1,2,3,4,5,6,7},e=78115752877397508061197997820
9^32=>{1,2,3,4,5,6,7,8},e=3353343248141381317531959186429
10^32=>{1,2,3,4,5,6,7,8,9},e=96485975607556356348216261007867
11^32=>{1,2,3,4,5,6,7,8,9,10},e=2007863650142811641893831515217788
12^32=>{1,2,3,4,5,6,7,8,9,10,11},e=31967297488239153182171442972923002
13^32=>{1,2,3,4,5,6,7,8,9,10,11,12},e=406382182890746147263746951189458171
14^32=>{1,2,3,4,5,6,7,8,9,10,11,12,13},e=4264304397012045453355563866681818105
15^32=>{1,2,3,4,5,6,7,8,9,10,11,12,13,14},e=37921331241061003548365234060314847738
16^32=>{1,2,3,4,5,6,7,8,9,10,11,12,13,14,15},e=291915721507201628010918727905657277944
17^32=>{1,2,3,4,5,6,7,8,9,10,11,12,13,14,15,16},e=1979262582425791946928275810363072102393
18^32=>{1,2,3,4,5,6,7,8,9,10,11,12,13,14,15,16,17},e=11990999105865539730517226803886448761847
19^32=>{1,2,3,4,5,6,7,8,9,10,11,12,13,14,15,16,17,18},e=65694328740831647811391836133097809371256
20^32=>{1,2,3,4,5,6,7,8,9,10,11,12,13,14,15,16,17,18,19},e=328794160219056702548533963122013971535734
21^32=>{1,2,3,4,5,6,7,8,9,10,11,12,13,14,15,16,17,18,19,20},e=1516327478519726070877876601224636136214775
22^32=>{1,2,3,4,5,6,7,8,9,10,11,12,13,14,15,16,17,18,19,20,21},e=6491571985151840784648750358049728820600309
23^32=>{1,2,3,4,5,6,7,8,9,10,11,12,13,14,15,16,17,18,19,20,21,22},e=25963886372404004923691706509505762099492598
24^32=>{1,2,3,4,5,6,7,8,9,10,11,12,13,14,15,16,17,18,19,20,21,22,23},e=97557450015932315557485284112371802852902132
25^32=>{1,2,3,4,5,6,7,8,9,10,11,12,13,14,15,16,17,18,19,20,21,22,23,24},e=346035766929551627134016232471543747833455605
26^32=>{1,2,3,4,5,6,7,8,9,10,11,12,13,14,15,16,17,18,19,20,21,22,23,24,25},e=1163556051712535434545391247621998784428844531
27^32=>{1,2,3,4,5,6,7,8,9,10,11,12,13,14,15,16,17,18,19,20,21,22,23,24,25,26},e=3722796578311501310182564378119739519276720500
28^32=>{1,2,3,4,5,6,7,8,9,10,11,12,13,14,15,16,17,18,19,20,21,22,23,24,25,26,27},e=11370520350739482972762409710342746207929346674
29^32=>{1,2,3,4,5,6,7,8,9,10,11,12,13,14,15,16,17,18,19,20,21,22,23,24,25,26,27,28},e=33247628630788528574531832324817348215868554483
30^32=>{1,2,3,4,5,6,7,8,9,10,11,12,13,14,15,16,17,18,19,20,21,22,23,24,25,26,27,28,29},e=93303052337075071852874975666667843598257903601
31^32=>{1,2,3,4,5,6,7,8,9,10,11,12,13,14,15,16,17,18,19,20,21,22,23,24,25,26,27,28,29,30},e=251843412619127186569804909567506601035644670962
32^32=>{1,2,3,4,5,6,7,8,9,10,11,12,13,14,15,16,17,18,19,20,21,22,23,24,25,26,27,28,29,30,31},e=655056253845189475339629874482112105816803679216
33^32=>{1,2,3,4,5,6,7,8,9,10,11,12,13,14,15,16,17,18,19,20,21,22,23,24,25,26,27,28,29,30,31,32},e=1644478436388263270435776267675744113151519907825
34^32=>{1,2,3,4,5,6,7,8,9,10,11,12,13,14,15,16,17,18,19,20,21,22,23,24,25,26,27,28,29,30,31,32,33},e=3989730381293915782008372611764486042884258584559
35^32=>{1,2,3,4,5,6,7,8,9,10,11,12,13,14,15,16,17,18,19,20,21,22,23,24,25,26,27,28,29,30,31,32,33,34},e=9363985288998921876039469821175699166906918863472
36^32=>{1,2,3,4,5,6,7,8,9,10,11,12,13,14,15,16,17,18,19,20,21,22,23,24,25,26,27,28,29,30,31,32,33,34,35},e=21275350699300540295821048503800607436654454910318
37^32=>{1,2,3,4,5,6,7,8,9,10,11,12,13,14,15,16,17,18,19,20,21,22,23,24,25,26,27,28,29,30,31,32,33,34,35,36},e=46808977606804513443300612784694809101499223380207
38^32=>{1,2,3,4,5,6,7,8,9,10,11,12,13,14,15,16,17,18,19,20,21,22,23,24,25,26,27,28,29,30,31,32,33,34,35,36,37},e=99715194934337064011774680475021923841091047672301
39^32=>{1,2,3,4,5,6,7,8,9,10,11,12,13,14,15,16,17,18,19,20,21,22,23,24,25,26,27,28,29,30,31,32,33,34,35,36,37,38},e=205524874328910320288447462206962474106822861136110
40^32=>{1,2,3,4,5,6,7,8,9,10,11,12,13,14,15,16,17,18,19,20,21,22,23,24,25,26,27,28,29,30,31,32,33,34,35,36,37,38,39},e=409241451732984538582772522585629115539890400031468
41^32=>{1,2,3,4,5,6,7,8,9,10,11,12,13,14,15,16,17,18,19,20,21,22,23,24,25,26,27,28,29,30,31,32,33,34,35,36,37,38,39,40},e=785106660166758115304640648840351427426693150266349
42^32=>{1,2,3,4,5,6,7,8,9,10,11,12,13,14,15,16,17,18,19,20,21,22,23,24,25,26,27,28,29,30,31,32,33,34,35,36,37,38,39,40,41},e=1444444193569033870544409184160032492794295081439723
43^32=>{1,2,3,4,5,6,7,8,9,10,11,12,13,14,15,16,17,18,19,20,21,22,23,24,25,26,27,28,29,30,31,32,33,34,35,36,37,38,39,40,41,42},e=2528305060030893430399660133474614062298611293823852
44^32=>{1,2,3,4,5,6,7,8,9,10,11,12,13,14,15,16,17,18,19,20,21,22,23,24,25,26,27,28,29,30,31,32,33,34,35,36,37,38,39,40,41,42,43},e=4149564613188474999488452282095629416612282391265386
45^32=>{1,2,3,4,5,6,7,8,9,10,11,12,13,14,15,16,17,18,19,20,21,22,23,24,25,26,27,28,29,30,31,32,33,34,35,36,37,38,39,40,41,42,43,44},e=6200158801255094705669284897255523736086215356591339
46^32=>{1,2,3,4,5,6,7,8,9,10,11,12,13,14,15,16,17,18,19,20,21,22,23,24,25,26,27,28,29,30,31,32,33,34,35,36,37,38,39,40,41,42,43,44,45},e=7835836685608429757454486679468058312094111289955305
47^32=>{1,2,3,4,5,6,7,8,9,10,11,12,13,14,15,16,17,18,19,20,21,22,23,24,25,26,27,28,29,30,31,32,33,34,35,36,37,38,39,40,41,42,43,44,45,46},e=6241096237896542032337309544105241803481252360961514
48^32=>{34,35,38,39,42,43,44,45,46,47},e=-3866485450050132735721772393871878042991927830917
49^32=>{42,43,45,46,47,48},e=-1181828777832638611535231879903540169366608230298114
50^32=>{46,47,48,49},e=-4996528506826590076629732680751966224421058522570754
51^32=>{42,44,46,48,49,50},e=-95879347535414535364239268170164103162513042457984
52^32=>{41,42,43,44,46,49,50,51},e=-14610559986935735736069465427658613033997297391876
53^32=>{41,43,44,45,50,51,52},e=-91769228906004521821188114545454610581769661456899
54^32=>{37,38,41,43,45,46,47,49,50,52,53},e=-15766564279235925417723284288551808313988297199623
55^32=>{31,34,36,38,39,41,45,46,47,48,49,51,53,54},e=-41516679455445966785770913165478088617461410183
56^32=>{44,46,47,50,52,54,55},e=-3175541786866794148600885069555666706520224276635394
57^32=>{35,36,38,39,40,41,42,43,44,45,50,53,55,56},e=-4589872851855464917127572279040084338822935887878
58^32=>{30,31,34,41,42,43,44,46,47,49,50,52,53,56,57},e=-51372503371084926171392523784835953917087727367
59^32=>{39,41,45,48,49,50,51,52,53,54,55,56,58},e=-62978849354295793239652494596394503354502760703494
60^32=>{36,39,40,41,42,43,45,46,47,48,49,50,52,55,58,59},e=-15593614341756581234209957936823437659210737046152
61^32=>{33,36,38,40,42,44,45,46,47,49,53,54,56,57,58,60},e=-83100626130814367725359486009042946689437407877
62^32=>{33,34,36,37,38,40,42,43,44,45,48,50,52,54,56,60,61},e=-795595101117281722826469332011565058586951601157
63^32=>{30,32,36,37,39,40,41,44,46,47,48,49,50,51,52,56,57,59,60,62},e=-42149217697556991381439206881874968845012057735
64^32=>{29,31,32,33,35,36,37,38,41,43,44,48,52,55,57,62,63},e=-6307945740946960394508873705661573211212497674
65^32=>{33,34,38,40,44,45,46,47,49,52,53,54,56,58,61,62,64},e=-494353824707156072660327483031031147252008901765
66^32=>{32,33,35,36,37,38,39,40,41,42,43,47,50,53,54,56,57,58,60,61,63,65},e=-582122274813815153099341451097902383138384321676
67^32=>{29,30,31,32,33,37,39,43,44,48,49,52,53,55,56,57,63,64,66},e=-19929108185732123815745807509168929082503895946
68^32=>{28,35,36,37,41,42,43,48,49,51,52,55,56,57,58,59,61,63,65,67},e=-5285730761105114591410378522539493717049025421
69^32=>{27,28,31,36,48,49,52,54,57,59,62,64,66,68},e=-2831437791814293748992436398118246801856946308
70^32=>{33,37,38,39,45,48,49,51,56,57,58,59,62,65,67,69},e=-377872903325069231871027090301531684273816293899
71^32=>{30,35,36,38,41,46,48,49,53,57,58,59,62,64,65,68,70},e=-800319838434721091468665061124806918526750342
72^32=>{26,28,30,32,34,39,41,42,43,44,50,53,54,57,59,63,64,65,67,68,69,70},e=-220761389283681145073445421847319274568150922
73^32=>{29,30,31,32,38,41,42,43,44,45,46,48,49,51,52,55,60,61,64,66,68,69,70,71},e=-1386290362717776737139631898417935743970112778
74^32=>{25,26,27,28,29,30,31,34,35,36,42,43,44,45,46,47,48,51,56,58,60,62,64,66,67,68,70,71,72},e=-167103214421615046789040114452020558931408267
75^32=>{29,30,33,36,40,42,43,44,46,48,49,50,51,52,53,55,56,57,58,59,60,63,64,65,68,69,71,72,73},e=-1895819997129261245472339260437255540840426893
76^32=>{28,33,36,38,39,46,48,49,50,51,54,55,56,60,64,65,66,68,69,70,72,75},e=-5212475332629491335740252490897860358355645320
77^32=>{33,35,36,38,39,41,42,44,45,46,47,49,50,51,52,54,56,58,59,60,61,62,65,66,69,72,73,76},e=-2226868012142804157353971267261168274535986572
78^32=>{31,32,33,39,42,43,44,45,47,50,51,53,54,56,58,59,60,61,62,63,65,67,70,71,74,75,76},e=-36471868276375663109815038284365942155686415
79^32=>{30,31,33,35,43,46,47,52,55,61,64,65,68,70,71,73,75,78},e=-47563622787014203058850255400049990552484106
80^32=>{22,25,26,27,29,31,33,34,35,36,38,39,44,45,46,47,48,49,50,51,52,55,57,58,61,62,64,66,67,70,72,74,76,79},e=-6469786239792562184262022781424809456797328
81^32=>{24,27,28,29,31,32,34,37,38,39,41,43,45,46,48,50,52,54,56,57,58,59,63,65,66,67,70,71,78,80},e=-39622174805845309705644111747062383811034509
82^32=>{25,28,29,36,38,40,41,43,46,49,50,52,53,54,58,66,67,68,70,71,79,81},e=-24988922823946928458368994238547843948835082
83^32=>{22,24,31,32,37,38,39,42,44,46,47,49,50,51,52,55,57,58,59,60,62,63,67,68,72,80,82},e=-3570510187503925439060074437986303148570762
84^32=>{23,24,25,26,27,28,31,35,37,38,41,43,48,50,52,55,56,57,61,62,63,65,66,67,69,70,71,72,73,76,77,78,81,82},e=-2697501330058148455360020515469556596977427
85^32=>{22,23,26,28,29,30,31,34,35,36,37,38,39,41,43,44,46,48,51,52,53,59,60,61,63,64,66,67,68,69,74,75,77,79,80,84},e=-5961576735891087665272974506275737072079761
86^32=>{19,22,25,30,31,33,34,35,37,40,45,46,47,48,49,52,56,59,60,63,64,66,67,68,70,71,72,73,75,77,78,79,81,85},e=-32718338074504459737461338819183527062419
87^32=>{23,24,28,31,33,37,40,41,42,43,44,45,46,47,49,50,53,54,56,58,59,61,63,64,70,73,74,75,76,77,79,81,84,85},e=-17441067644462655001742657337939426814747282
88^32=>{18,19,24,25,27,28,29,30,31,32,35,37,40,42,44,47,48,50,54,55,57,60,61,62,65,68,69,72,77,78,83,85,86},e=-2007316537285894932063004574726010675728
89^32=>{22,24,25,28,29,31,34,35,36,38,41,44,45,46,48,49,52,53,56,60,61,62,63,64,66,69,70,71,72,74,75,78,80,82,84,85,87},e=-5417230835533008433586293680380887800601358
90^32=>{21,24,25,26,27,33,35,36,39,40,43,45,47,48,50,53,57,58,60,61,62,63,67,68,70,72,73,74,76,77,78,80,82,83,87,88},e=-278811213734723465473010169255637462735378
91^32=>{23,26,27,28,29,30,31,33,34,35,36,38,39,40,43,45,46,49,52,53,55,56,58,62,63,70,73,74,76,79,80,81,84,86,90},e=-903343378045422012140301343860766975264911
92^32=>{23,24,25,28,31,32,33,36,41,47,52,55,56,63,64,66,72,74,75,77,79,80,81,82,83,84,89,90},e=-935554412922881662420894889473691298853262
93^32=>{21,22,25,27,29,30,33,35,37,38,39,40,41,42,43,49,50,51,55,56,58,62,65,66,67,69,70,71,72,73,75,76,77,78,79,81,84,85,88,92},e=-925508181134225823990233492644416156053654
94^32=>{24,25,26,27,28,30,32,33,34,35,37,38,39,42,43,44,45,46,47,50,51,52,60,61,62,63,64,67,68,72,74,77,80,82,83,84,85,86,87,90,92},e=-403604856530537630969799653889283508740241
95^32=>{20,21,22,27,29,30,33,34,40,41,43,49,50,52,54,55,57,58,59,61,62,63,65,66,67,71,73,74,75,76,78,80,82,84,85,86,88,89,90,93},e=-165101498424686398669674467220084251612435
96^32=>{22,23,24,26,28,29,30,31,32,35,37,38,40,44,45,47,50,52,53,57,61,62,63,64,65,67,69,70,71,75,77,78,79,80,82,83,87,88,93,94},e=-27018722233212664372237653824391831957525
97^32=>{18,19,20,22,25,26,29,30,31,32,33,37,46,50,53,54,56,59,62,63,70,72,77,79,81,82,83,84,85,87,89,90,93,95},e=-2516989128553619155006458450235885305745
98^32=>{31,32,33,37,38,39,42,43,45,46,47,51,52,56,57,59,61,63,69,71,72,76,78,82,83,88,89,92,94,96},e=-15759440181035086924220011679640335125008
99^32=>{17,18,19,20,24,25,26,28,29,33,35,38,40,42,44,45,46,49,50,52,56,57,59,65,66,69,70,71,72,74,77,78,79,80,83,84,85,86,87,88,90,92,95,97},e=-1928179435192176476064123724525472762131
100^32=>{19,20,22,24,25,26,27,30,31,32,34,39,41,42,43,46,47,51,52,53,55,57,58,59,60,62,67,68,69,72,73,74,76,78,80,81,84,85,87,88,90,91,92,93,94,95,97},e=-27209611282503957161601928175743490922903
101^32=>{18,20,21,22,24,25,27,28,31,33,34,35,36,37,39,40,47,48,52,53,54,55,56,60,64,65,66,67,68,69,70,72,73,74,75,79,81,82,83,84,85,88,89,91,92,93,97,99},e=-4876965326079145770945732982025573331992
