2^33=>{1},e=8589934591
3^33=>{2,1},e=5559051976620930
4^33=>{3,2,1},e=73781417225681716348
5^33=>{4,3,2,1},e=116341529291570819756545
6^33=>{5,4,3,2,1},e=47635477545316106497201911
7^33=>{6,5,4,3,2,1},e=7683125263933403820021593086
8^33=>{7,6,5,4,3,2,1},e=626046437938633215520099006960
9^33=>{8,7,6,5,4,3,2,1},e=30261550220343016175944037605113
10^33=>{9,8,7,6,5,4,3,2,1},e=968455241455077791452102753998055
11^33=>{10,9,8,7,6,5,4,3,2,1},e=22193609661342885932453870550307186
12^33=>{11,10,9,8,7,6,5,4,3,2,1},e=385929571067569494986876438551189596
13^33=>{12,11,10,9,8,7,6,5,4,3,2,1},e=5321687459674494122270095729298396905
14^33=>{13,12,11,10,9,8,7,6,5,4,3,2,1},e=60218156984926365804164158930489006543
15^33=>{14,13,12,11,10,9,8,7,6,5,4,3,2,1},e=574560521129010698634710098434564312030
16^33=>{15,14,13,12,11,10,9,8,7,6,5,4,3,2,1},e=4724758742042058529036387113546468976576
17^33=>{16,15,14,13,12,11,10,9,8,7,6,5,4,3,2,1},e=34090220111499970877558206730186057415121
18^33=>{17,16,15,14,13,12,11,10,9,8,7,6,5,4,3,2,1},e=219037300722936365473847537208248739780015
19^33=>{18,17,16,15,14,13,12,11,10,9,8,7,6,5,4,3,2,1},e=1268895683213213783561019441639595149667138
20^33=>{19,18,17,16,15,14,13,12,11,10,9,8,7,6,5,4,3,2,1},e=6697289210899489823566719854429002230792220
21^33=>{20,19,18,17,16,15,14,13,12,11,10,9,8,7,6,5,4,3,2,1},e=32494482354413546558482915254584067689052081
22^33=>{21,20,19,18,17,16,15,14,13,12,11,10,9,8,7,6,5,4,3,2,1},e=146042915055321408998100823180941351074891911
23^33=>{22,21,20,19,18,17,16,15,14,13,12,11,10,9,8,7,6,5,4,3,2,1},e=612042742085388091096947932730490790516901790
24^33=>{23,22,21,20,19,18,17,16,15,14,13,12,11,10,9,8,7,6,5,4,3,2,1},e=2405506090551105688387797943634309183211489648
25^33=>{24,23,22,21,20,19,18,17,16,15,14,13,12,11,10,9,8,7,6,5,4,3,2,1},e=8911086782720721383228267104689406718457663625
26^33=>{25,24,23,22,21,20,19,18,17,16,15,14,13,12,11,10,9,8,7,6,5,4,3,2,1},e=31250816359563804809931470299471179381363556951
27^33=>{26,25,24,23,22,21,20,19,18,17,16,15,14,13,12,11,10,9,8,7,6,5,4,3,2,1},e=104153755492272859934972800454950972718298548466
28^33=>{27,26,25,24,23,22,21,20,19,18,17,16,15,14,13,12,11,10,9,8,7,6,5,4,3,2,1},e=331015392002528231204158127282272228462352513980
