3^33=>{1,2},e=5559051976620930
4^33=>{1,2,3},e=73781417225681716348
5^33=>{1,2,3,4},e=116341529291570819756545
6^33=>{1,2,3,4,5},e=47635477545316106497201911
7^33=>{1,2,3,4,5,6},e=7683125263933403820021593086
8^33=>{1,2,3,4,5,6,7},e=626046437938633215520099006960
9^33=>{1,2,3,4,5,6,7,8},e=30261550220343016175944037605113
10^33=>{1,2,3,4,5,6,7,8,9},e=968455241455077791452102753998055
11^33=>{1,2,3,4,5,6,7,8,9,10},e=22193609661342885932453870550307186
12^33=>{1,2,3,4,5,6,7,8,9,10,11},e=385929571067569494986876438551189596
13^33=>{1,2,3,4,5,6,7,8,9,10,11,12},e=5321687459674494122270095729298396905
14^33=>{1,2,3,4,5,6,7,8,9,10,11,12,13},e=60218156984926365804164158930489006543
15^33=>{1,2,3,4,5,6,7,8,9,10,11,12,13,14},e=574560521129010698634710098434564312030
16^33=>{1,2,3,4,5,6,7,8,9,10,11,12,13,14,15},e=4724758742042058529036387113546468976576
17^33=>{1,2,3,4,5,6,7,8,9,10,11,12,13,14,15,16},e=34090220111499970877558206730186057415121
18^33=>{1,2,3,4,5,6,7,8,9,10,11,12,13,14,15,16,17},e=219037300722936365473847537208248739780015
19^33=>{1,2,3,4,5,6,7,8,9,10,11,12,13,14,15,16,17,18},e=1268895683213213783561019441639595149667138
20^33=>{1,2,3,4,5,6,7,8,9,10,11,12,13,14,15,16,17,18,19},e=6697289210899489823566719854429002230792220
21^33=>{1,2,3,4,5,6,7,8,9,10,11,12,13,14,15,16,17,18,19,20},e=32494482354413546558482915254584067689052081
22^33=>{1,2,3,4,5,6,7,8,9,10,11,12,13,14,15,16,17,18,19,20,21},e=146042915055321408998100823180941351074891911
23^33=>{1,2,3,4,5,6,7,8,9,10,11,12,13,14,15,16,17,18,19,20,21,22},e=612042742085388091096947932730490790516901790
24^33=>{1,2,3,4,5,6,7,8,9,10,11,12,13,14,15,16,17,18,19,20,21,22,23},e=2405506090551105688387797943634309183211489648
25^33=>{1,2,3,4,5,6,7,8,9,10,11,12,13,14,15,16,17,18,19,20,21,22,23,24},e=8911086782720721383228267104689406718457663625
26^33=>{1,2,3,4,5,6,7,8,9,10,11,12,13,14,15,16,17,18,19,20,21,22,23,24,25},e=31250816359563804809931470299471179381363556951
27^33=>{1,2,3,4,5,6,7,8,9,10,11,12,13,14,15,16,17,18,19,20,21,22,23,24,25,26},e=104153755492272859934972800454950972718298548466
28^33=>{1,2,3,4,5,6,7,8,9,10,11,12,13,14,15,16,17,18,19,20,21,22,23,24,25,26,27},e=331015392002528231204158127282272228462352513980
29^33=>{1,2,3,4,5,6,7,8,9,10,11,12,13,14,15,16,17,18,19,20,21,22,23,24,25,26,27,28},e=1006197721433350286414530388816635836993455658073
30^33=>{1,2,3,4,5,6,7,8,9,10,11,12,13,14,15,16,17,18,19,20,21,22,23,24,25,26,27,28,29},e=2933107027800844141486481545730300203082746782495
31^33=>{1,2,3,4,5,6,7,8,9,10,11,12,13,14,15,16,17,18,19,20,21,22,23,24,25,26,27,28,29,30},e=8218462234314827897711309496656301683641736570686
32^33=>{1,2,3,4,5,6,7,8,9,10,11,12,13,14,15,16,17,18,19,20,21,22,23,24,25,26,27,28,29,30,31},e=22179561949653661767779568241725355351513598369536
33^33=>{1,2,3,4,5,6,7,8,9,10,11,12,13,14,15,16,17,18,19,20,21,22,23,24,25,26,27,28,29,30,31,32},e=57753497248236902842359768882547777632871098999585
34^33=>{1,2,3,4,5,6,7,8,9,10,11,12,13,14,15,16,17,18,19,20,21,22,23,24,25,26,27,28,29,30,31,32,33},e=145316914289438847498835076698817399337077376637663
35^33=>{1,2,3,4,5,6,7,8,9,10,11,12,13,14,15,16,17,18,19,20,21,22,23,24,25,26,27,28,29,30,31,32,33,34},e=353756041777744884339082735950892134723922289011330
36^33=>{1,2,3,4,5,6,7,8,9,10,11,12,13,14,15,16,17,18,19,20,21,22,23,24,25,26,27,28,29,30,31,32,33,34,35},e=833994117801274806737600276789575810774982512479036
37^33=>{1,2,3,4,5,6,7,8,9,10,11,12,13,14,15,16,17,18,19,20,21,22,23,24,25,26,27,28,29,30,31,32,33,34,35,36},e=1905418886704868368606668729076285045594031869521121
38^33=>{1,2,3,4,5,6,7,8,9,10,11,12,13,14,15,16,17,18,19,20,21,22,23,24,25,26,27,28,29,30,31,32,33,34,35,36,37},e=4220283545618006347328291577657751355467796576872855
39^33=>{1,2,3,4,5,6,7,8,9,10,11,12,13,14,15,16,17,18,19,20,21,22,23,24,25,26,27,28,29,30,31,32,33,34,35,36,37,38},e=9061530277595230557494694753282158944849071719049918
40^33=>{1,2,3,4,5,6,7,8,9,10,11,12,13,14,15,16,17,18,19,20,21,22,23,24,25,26,27,28,29,30,31,32,33,34,35,36,37,38,39},e=18851151203725080232573372108050157960738705735968880
41^33=>{1,2,3,4,5,6,7,8,9,10,11,12,13,14,15,16,17,18,19,20,21,22,23,24,25,26,27,28,29,30,31,32,33,34,35,36,37,38,39,40},e=37950973564251707201369965284493772748097618495599001
42^33=>{1,2,3,4,5,6,7,8,9,10,11,12,13,14,15,16,17,18,19,20,21,22,23,24,25,26,27,28,29,30,31,32,33,34,35,36,37,38,39,40,41},e=73773578013498656721283980020429822117310505105350471
43^33=>{1,2,3,4,5,6,7,8,9,10,11,12,13,14,15,16,17,18,19,20,21,22,23,24,25,26,27,28,29,30,31,32,33,34,35,36,37,38,39,40,41,42},e=137959126430865904905226780416615080984278517101154290
44^33=>{1,2,3,4,5,6,7,8,9,10,11,12,13,14,15,16,17,18,19,20,21,22,23,24,25,26,27,28,29,30,31,32,33,34,35,36,37,38,39,40,41,42,43},e=246621330821737787285178156005885422469653507539922588
45^33=>{1,2,3,4,5,6,7,8,9,10,11,12,13,14,15,16,17,18,19,20,21,22,23,24,25,26,27,28,29,30,31,32,33,34,35,36,37,38,39,40,41,42,43,44},e=416794156494927423881582250085214029345754757477155145
46^33=>{1,2,3,4,5,6,7,8,9,10,11,12,13,14,15,16,17,18,19,20,21,22,23,24,25,26,27,28,29,30,31,32,33,34,35,36,37,38,39,40,41,42,43,44,45},e=651928701971697575312596450091577133480614369337678831
47^33=>{1,2,3,4,5,6,7,8,9,10,11,12,13,14,15,16,17,18,19,20,21,22,23,24,25,26,27,28,29,30,31,32,33,34,35,36,37,38,39,40,41,42,43,44,45,46},e=900033982290979000433449364343122854004818589393261086
48^33=>{1,2,3,4,5,6,7,8,9,10,11,12,13,14,15,16,17,18,19,20,21,22,23,24,25,26,27,28,29,30,31,32,33,34,35,36,37,38,39,40,41,42,43,44,45,46,47},e=948884535482187048000970507360805773515095354858120640
49^33=>{1,2,3,4,5,6,7,8,9,10,11,12,13,14,15,16,17,18,19,20,21,22,23,24,25,26,27,28,29,30,31,32,33,34,35,36,37,38,39,40,41,42,43,44,45,46,47,48},e=184339231418407290122351741002826526485293847971314673
50^33=>{34,35,36,40,41,45,46,47,48,49},e=-47014716024428010399189969267093563641430768138201
51^33=>{41,42,44,47,48,49,50},e=-31137675201275505478880098078818687903098783088110550
52^33=>{41,42,44,46,47,49,50,51},e=-21984457257392181278458343074630357836430413147356988
53^33=>{42,43,48,50,51,52},e=-8596783257744754178140037710532715684738541294104233
54^33=>{39,41,42,48,51,52,53},e=-1969177584855245849822911150706168612220312228061112
55^33=>{44,48,49,50,51,53,54},e=-212935933633540426071401053129404615274750795373971554
56^33=>{38,41,42,43,45,46,49,51,52,54,55},e=-3605424049481269300700741415872641536443704912916380
57^33=>{39,40,44,47,48,50,51,53,55,56},e=-773988748697744444755897218686293952034310327518396
58^33=>{37,40,41,43,44,45,48,49,50,51,54,56,57},e=-1176737102411340383405965363537596556538195122428227
59^33=>{42,43,44,47,48,49,51,55,57,58},e=-50178234846126405295434802287290492594273395571571315
60^33=>{35,37,40,43,46,50,52,54,55,58,59},e=-100687168753123941228776694753289988474919568408549
61^33=>{32,35,36,37,38,40,42,43,47,49,50,51,52,54,56,59,60},e=-18911252251068626179611854147521156259728923239940
62^33=>{39,42,44,45,46,49,52,54,57,60,61},e=-8972677606600920554704019137301405573193041492132347
63^33=>{30,33,34,35,36,42,49,53,54,56,58,59,60,62},e=-1327141189237174915387591251580783041798086543398
64^33=>{33,35,36,37,38,39,47,50,51,56,59,60,61,63},e=-44807950813640375289180117316553832105426450613801
65^33=>{32,34,35,36,37,38,39,44,48,49,53,54,55,57,58,63,64},e=-2645010110981707130969860088975650184517598593731
66^33=>{25,28,29,31,33,37,40,42,43,44,45,46,47,48,51,52,54,55,56,59,64,65},e=-7708727052221409424730111604105567742934455048
67^33=>{33,34,35,39,40,41,46,50,53,55,57,59,60,61,62,64,66},e=-57557632494735187240023347836991256648472574974958
68^33=>{33,34,36,38,42,43,46,48,49,51,53,54,56,57,61,62,63,65,67},e=-34964699832029779697518943305987626619724410186910
69^33=>{35,36,37,40,44,46,47,49,51,52,53,54,56,57,67,68},e=-53496954174215440336169551838102352390072596810823
70^33=>{30,31,32,33,35,37,38,39,41,42,44,46,51,52,53,59,64,65,67,69},e=-346808922111952193936440819494525772879866582468
71^33=>{34,36,39,41,43,45,47,51,53,54,55,56,58,60,61,62,63,66,68,70},e=-111113654701698895176299343414931951218115490761771
72^33=>{31,37,38,39,46,50,51,52,54,55,58,60,62,64,67,69,71},e=-6612790147209831600782719254483668758196644418212
73^33=>{32,33,36,38,39,40,41,44,47,48,49,50,53,54,55,58,60,61,62,63,65,67,68,69,70,71},e=-16860943905304585066857038767482012928143890560
74^33=>{31,32,34,36,38,39,41,45,46,48,49,53,56,59,60,61,62,65,66,67,69,70,71,72},e=-4971133132584872696984827418205270764618538545546
75^33=>{28,30,32,33,35,37,38,40,43,45,47,48,50,54,55,58,59,65,66,68,70,71,72,73},e=-220380659696462438930885286444011956670548411112
76^33=>{28,30,32,33,37,38,41,42,43,44,47,50,54,58,61,62,64,69,71,72,73,74},e=-320356600664515392383345006989880148710276786907
77^33=>{31,33,37,38,39,43,44,45,48,50,51,52,54,55,57,59,60,61,63,65,66,71,74,76},e=-1728823297094359167759349133383352630040724888825
78^33=>{29,30,32,35,36,39,42,45,47,50,56,57,58,60,62,64,65,66,67,68,70,72,74,75,76},e=-277527450013218858844725494683512678126915169867
79^33=>{29,30,32,40,43,44,47,48,49,51,52,53,55,56,57,59,60,61,64,68,69,70,73,75,76,77},e=-134612052040878287444925180073294581800434300239
80^33=>{26,27,28,29,30,31,34,36,37,40,42,43,44,45,46,47,48,51,54,56,57,59,60,61,62,64,66,67,69,70,72,77,79},e=-89465394536512099366685471368055316581471627
81^33=>{25,26,27,28,29,31,32,33,38,39,40,41,43,47,48,51,52,53,54,58,62,65,66,68,70,71,76,77,80},e=-5181509138781161279494751612872829796384976679
82^33=>{25,26,27,28,31,32,33,34,39,40,41,42,45,49,51,53,54,58,59,64,65,67,69,72,73,79,81},e=-2574570985532906199127890301584291624772082935
83^33=>{29,30,31,37,38,45,46,47,49,50,52,55,56,58,59,60,61,65,67,68,70,73,74,77,78,80,81},e=-9837615437937815559028282865215550978650064053
84^33=>{25,28,29,30,31,33,35,37,38,44,49,51,52,53,57,61,62,63,65,66,67,70,73,74,78,79,81,82},e=-3153920344139839144783049740384723558829478649
85^33=>{23,27,28,29,30,39,40,41,44,45,50,51,52,53,54,55,58,59,60,62,63,67,68,70,71,72,74,76,78,80,82,83},e=-409111544320998083333793555289145766482943469
86^33=>{26,27,28,31,32,33,34,38,39,42,43,45,46,47,49,56,58,59,61,62,71,74,76,77,79,82,85},e=-19519442545245871881536131956713995242253674
87^33=>{24,25,27,28,35,37,38,41,42,43,46,48,49,51,52,53,54,55,56,59,60,61,63,64,65,71,79,80,83,86},e=-892469114389060309608397232453498823877727658
88^33=>{24,25,28,29,30,34,39,40,41,42,44,47,49,52,53,56,64,67,68,69,70,72,74,76,77,78,79,80,82,85,86},e=-854548691128576317238915775654294309733571732
89^33=>{23,24,27,30,31,33,34,35,38,40,41,46,47,48,49,50,51,52,54,56,57,60,61,62,63,66,67,68,72,74,75,77,81,83,84,85,87},e=-519722838403155096859241228593010105774152792
90^33=>{20,22,23,25,26,27,30,31,32,33,34,35,36,37,39,40,41,42,44,45,46,47,49,50,51,55,61,64,65,67,68,69,73,74,76,78,79,80,81,82,83,84,85,86,87},e=-1868588971949482368241594558075866579915272
91^33=>{22,23,24,25,27,32,39,44,45,47,50,52,54,55,58,59,60,61,63,64,69,72,73,75,77,78,82,85,86,90},e=-62312058578268465065865685825200806334933340
92^33=>{22,25,27,28,30,36,37,38,41,43,45,47,51,53,54,57,58,62,66,67,69,70,71,73,74,76,78,81,82,84,85,86,87,88,89},e=-13636293753065977112819629761362423541993368
93^33=>{20,21,22,23,26,27,28,29,31,33,35,38,39,42,44,46,47,49,50,51,55,57,61,62,63,66,68,69,72,74,75,77,79,80,81,82,83,85,88,89,91},e=-1372946050774684814430840094576443468642665
94^33=>{19,24,25,27,28,29,31,33,36,37,40,41,42,43,44,45,47,48,49,50,51,53,57,58,61,62,65,67,68,69,71,75,78,79,80,81,84,85,87,88,90,92},e=-853949696857395957709569004031266659890095
95^33=>{21,22,26,27,28,30,32,33,35,36,42,43,44,46,47,48,50,53,55,60,72,74,76,77,79,80,82,86,91,94},e=-19782754153168944676504615714248418796325714
96^33=>{23,25,30,33,35,39,42,43,51,52,53,54,55,57,58,62,67,68,69,70,71,72,76,77,78,79,81,82,85,90,93,94},e=-26854300057927334820662945385346101059086988
97^33=>{23,24,28,30,31,32,34,35,37,39,40,41,42,43,44,46,47,49,50,51,56,60,61,63,65,66,67,68,71,72,76,79,80,84,86,90,92,96},e=-1709714643040521060562187495292339645356481
98^33=>{20,25,27,28,31,32,38,39,40,45,46,52,53,55,57,61,62,64,65,66,67,68,69,72,73,76,77,79,83,88,94,97},e=-1697812533386826476989448165999842389976811
99^33=>{20,21,22,24,29,31,32,34,35,39,40,41,44,46,48,49,50,51,53,55,56,61,63,64,66,67,69,76,78,79,80,81,84,88,95,98},e=-1610093838572474039552879897407218233758900
100^33=>{19,21,23,24,26,30,35,36,37,39,42,43,44,45,47,50,51,53,57,58,60,65,69,70,74,76,78,80,81,83,85,86,88,89,90,91,92,93,99},e=-191713801499972278897034145584149976303049
101^33=>{20,21,23,25,27,29,31,32,33,34,36,39,40,42,45,46,49,50,55,59,60,61,63,66,69,71,72,76,78,79,81,83,84,87,88,89,90,91,96,100},e=-2069266939762339700989135108101126485519189
102^33=>{18,19,22,23,26,28,32,33,35,36,37,41,42,43,47,51,55,56,57,58,63,66,67,69,73,76,78,79,82,84,86,87,89,90,94,99,100},e=-106039128519874392106949642940099114052139
103^33=>{19,20,21,24,25,30,31,33,36,37,40,42,43,49,50,53,55,60,64,65,66,67,71,73,74,75,76,77,78,79,80,82,85,86,87,88,89,90,91,92,95,97,98,101},e=-265987573393287584006717138818402773473031
