2^34=>{1},e=17179869183
3^34=>{2,1},e=16677164519797384
4^34=>{3,2,1},e=295131227980473290102
5^34=>{4,3,2,1},e=581781444552295839904015
6^34=>{5,4,3,2,1},e=285929428184353379533482461
7^34=>{6,5,4,3,2,1},e=53829861866220324184816923918
8^34=>{7,6,5,4,3,2,1},e=5016198350703233706833710423724
9^34=>{8,7,6,5,4,3,2,1},e=273003382992570909752145861012477
10^34=>{9,8,7,6,5,4,3,2,1},e=9716746604105183887237574308548955
11^34=>{10,9,8,7,6,5,4,3,2,1},e=245193445222871073438257020067949396
12^34=>{11,10,9,8,7,6,5,4,3,2,1},e=4656475290937365998373331371671156578
13^34=>{12,11,10,9,8,7,6,5,4,3,2,1},e=69641700383319390603728034358571852939
14^34=>{13,12,11,10,9,8,7,6,5,4,3,2,1},e=849704534595043452306157062171108805177
15^34=>{14,13,12,11,10,9,8,7,6,5,4,3,2,1},e=8697657457523207904439958567126356441370
16^34=>{15,14,13,12,11,10,9,8,7,6,5,4,3,2,1},e=76395148641953940775879107512713217792856
17^34=>{16,15,14,13,12,11,10,9,8,7,6,5,4,3,2,1},e=586497027664208481531578028433402804014713
18^34=>{17,16,15,14,13,12,11,10,9,8,7,6,5,4,3,2,1},e=3996053472891919470623485591147443428993079
19^34=>{18,17,16,15,14,13,12,11,10,9,8,7,6,5,4,3,2,1},e=24474274889873774976189729664516975266398752
20^34=>{19,18,17,16,15,14,13,12,11,10,9,8,7,6,5,4,3,2,1},e=136203686507913019736298037507515709807775310
21^34=>{20,19,18,17,16,15,14,13,12,11,10,9,8,7,6,5,4,3,2,1},e=695124611705708211169538140910772084431232391
22^34=>{21,20,19,18,17,16,15,14,13,12,11,10,9,8,7,6,5,4,3,2,1},e=3279144255780709298310964506090942449836228373
23^34=>{22,21,20,19,18,17,16,15,14,13,12,11,10,9,8,7,6,5,4,3,2,1},e=14396145392184114938403348623183914385607174694
24^34=>{23,22,21,20,19,18,17,16,15,14,13,12,11,10,9,8,7,6,5,4,3,2,1},e=59169275638845214541219244298881324346370741252
25^34=>{24,23,22,21,20,19,18,17,16,15,14,13,12,11,10,9,8,7,6,5,4,3,2,1},e=228855739406984796642483664175077936585101182325
