3^34=>{1,2},e=16677164519797384
4^34=>{1,2,3},e=295131227980473290102
5^34=>{1,2,3,4},e=581781444552295839904015
6^34=>{1,2,3,4,5},e=285929428184353379533482461
7^34=>{1,2,3,4,5,6},e=53829861866220324184816923918
8^34=>{1,2,3,4,5,6,7},e=5016198350703233706833710423724
9^34=>{1,2,3,4,5,6,7,8},e=273003382992570909752145861012477
10^34=>{1,2,3,4,5,6,7,8,9},e=9716746604105183887237574308548955
11^34=>{1,2,3,4,5,6,7,8,9,10},e=245193445222871073438257020067949396
12^34=>{1,2,3,4,5,6,7,8,9,10,11},e=4656475290937365998373331371671156578
13^34=>{1,2,3,4,5,6,7,8,9,10,11,12},e=69641700383319390603728034358571852939
14^34=>{1,2,3,4,5,6,7,8,9,10,11,12,13},e=849704534595043452306157062171108805177
15^34=>{1,2,3,4,5,6,7,8,9,10,11,12,13,14},e=8697657457523207904439958567126356441370
16^34=>{1,2,3,4,5,6,7,8,9,10,11,12,13,14,15},e=76395148641953940775879107512713217792856
17^34=>{1,2,3,4,5,6,7,8,9,10,11,12,13,14,15,16},e=586497027664208481531578028433402804014713
18^34=>{1,2,3,4,5,6,7,8,9,10,11,12,13,14,15,16,17},e=3996053472891919470623485591147443428993079
19^34=>{1,2,3,4,5,6,7,8,9,10,11,12,13,14,15,16,17,18},e=24474274889873774976189729664516975266398752
20^34=>{1,2,3,4,5,6,7,8,9,10,11,12,13,14,15,16,17,18,19},e=136203686507913019736298037507515709807775310
21^34=>{1,2,3,4,5,6,7,8,9,10,11,12,13,14,15,16,17,18,19,20},e=695124611705708211169538140910772084431232391
22^34=>{1,2,3,4,5,6,7,8,9,10,11,12,13,14,15,16,17,18,19,20,21},e=3279144255780709298310964506090942449836228373
23^34=>{1,2,3,4,5,6,7,8,9,10,11,12,13,14,15,16,17,18,19,20,21,22},e=14396145392184114938403348623183914385607174694
24^34=>{1,2,3,4,5,6,7,8,9,10,11,12,13,14,15,16,17,18,19,20,21,22,23},e=59169275638845214541219244298881324346370741252
25^34=>{1,2,3,4,5,6,7,8,9,10,11,12,13,14,15,16,17,18,19,20,21,22,23,24},e=228855739406984796642483664175077936585101182325
26^34=>{1,2,3,4,5,6,7,8,9,10,11,12,13,14,15,16,17,18,19,20,21,22,23,24,25},e=836793762717042576586953267261152568606298940051
27^34=>{1,2,3,4,5,6,7,8,9,10,11,12,13,14,15,16,17,18,19,20,21,22,23,24,25,26},e=2904062687078148453516848227892167619600644560108
28^34=>{1,2,3,4,5,6,7,8,9,10,11,12,13,14,15,16,17,18,19,20,21,22,23,24,25,26,27},e=9599773523186639736411678132234243628902227275834
29^34=>{1,2,3,4,5,6,7,8,9,10,11,12,13,14,15,16,17,18,19,20,21,22,23,24,25,26,27,28},e=30320954377343671854766125876739592484728469748227
30^34=>{1,2,3,4,5,6,7,8,9,10,11,12,13,14,15,16,17,18,19,20,21,22,23,24,25,26,27,28,29},e=91760384828556516651852709427235859101317912356465
31^34=>{1,2,3,4,5,6,7,8,9,10,11,12,13,14,15,16,17,18,19,20,21,22,23,24,25,26,27,28,29,30},e=266724517363601059094822375905941904998646595790386
32^34=>{1,2,3,4,5,6,7,8,9,10,11,12,13,14,15,16,17,18,19,20,21,22,23,24,25,26,27,28,29,30,31},e=746286660933693802449456311650003625331664152929968
33^34=>{1,2,3,4,5,6,7,8,9,10,11,12,13,14,15,16,17,18,19,20,21,22,23,24,25,26,27,28,29,30,31,32},e=2013762630576118544675638762090985673874441356472049
34^34=>{1,2,3,4,5,6,7,8,9,10,11,12,13,14,15,16,17,18,19,20,21,22,23,24,25,26,27,28,29,30,31,32,33},e=5249138890152506718675031287713481882896129162927727
35^34=>{1,2,3,4,5,6,7,8,9,10,11,12,13,14,15,16,17,18,19,20,21,22,23,24,25,26,27,28,29,30,31,32,33,34},e=13236075346676666008755114096907295007001462384804280
36^34=>{1,2,3,4,5,6,7,8,9,10,11,12,13,14,15,16,17,18,19,20,21,22,23,24,25,26,27,28,29,30,31,32,33,34,35},e=32324658327367251290125070356346451586744842831985446
37^34=>{1,2,3,4,5,6,7,8,9,10,11,12,13,14,15,16,17,18,19,20,21,22,23,24,25,26,27,28,29,30,31,32,33,34,35,36},e=76527875416534289074124287751125149110962214294165503
38^34=>{1,2,3,4,5,6,7,8,9,10,11,12,13,14,15,16,17,18,19,20,21,22,23,24,25,26,27,28,29,30,31,32,33,34,35,36,37},e=175756583272508871378971462222135199027628462390861389
39^34=>{1,2,3,4,5,6,7,8,9,10,11,12,13,14,15,16,17,18,19,20,21,22,23,24,25,26,27,28,29,30,31,32,33,34,35,36,37,38},e=391722636771997569759755444218478687916172100785130302
40^34=>{1,2,3,4,5,6,7,8,9,10,11,12,13,14,15,16,17,18,19,20,21,22,23,24,25,26,27,28,29,30,31,32,33,34,35,36,37,38,39},e=847304829185899913551823861054430649535867827444969820
41^34=>{1,2,3,4,5,6,7,8,9,10,11,12,13,14,15,16,17,18,19,20,21,22,23,24,25,26,27,28,29,30,31,32,33,34,35,36,37,38,39,40},e=1777971498557168032200484181288618855817583250589804781
42^34=>{1,2,3,4,5,6,7,8,9,10,11,12,13,14,15,16,17,18,19,20,21,22,23,24,25,26,27,28,29,30,31,32,33,34,35,36,37,38,39,40,41},e=3615868435325945991830465986550820158899242313718626763
43^34=>{1,2,3,4,5,6,7,8,9,10,11,12,13,14,15,16,17,18,19,20,21,22,23,24,25,26,27,28,29,30,31,32,33,34,35,36,37,38,39,40,41,42},e=7114187325972043722367020805764432848066728253796214404
44^34=>{1,2,3,4,5,6,7,8,9,10,11,12,13,14,15,16,17,18,19,20,21,22,23,24,25,26,27,28,29,30,31,32,33,34,35,36,37,38,39,40,41,42,43},e=13500376033403753160706795736839991506932886705609674002
45^34=>{1,2,3,4,5,6,7,8,9,10,11,12,13,14,15,16,17,18,19,20,21,22,23,24,25,26,27,28,29,30,31,32,33,34,35,36,37,38,39,40,41,42,43,44},e=24585581025945723799548711531883646766347510678677984635
46^34=>{1,2,3,4,5,6,7,8,9,10,11,12,13,14,15,16,17,18,19,20,21,22,23,24,25,26,27,28,29,30,31,32,33,34,35,36,37,38,39,40,41,42,43,44,45},e=42596971443720404022575636043282742670283390775922230441
47^34=>{1,2,3,4,5,6,7,8,9,10,11,12,13,14,15,16,17,18,19,20,21,22,23,24,25,26,27,28,29,30,31,32,33,34,35,36,37,38,39,40,41,42,43,44,45,46},e=69118591361366677820518294035330903970655384245575956298
48^34=>{1,2,3,4,5,6,7,8,9,10,11,12,13,14,15,16,17,18,19,20,21,22,23,24,25,26,27,28,29,30,31,32,33,34,35,36,37,38,39,40,41,42,43,44,45,46,47},e=101680971960463320588526156773133800419665867682083099144
49^34=>{1,2,3,4,5,6,7,8,9,10,11,12,13,14,15,16,17,18,19,20,21,22,23,24,25,26,27,28,29,30,31,32,33,34,35,36,37,38,39,40,41,42,43,44,45,46,47,48},e=124751061259557841517142575253536415779260544763947094377
50^34=>{1,2,3,4,5,6,7,8,9,10,11,12,13,14,15,16,17,18,19,20,21,22,23,24,25,26,27,28,29,30,31,32,33,34,35,36,37,38,39,40,41,42,43,44,45,46,47,48,49},e=88227290979015532107960887226145732510795902345740292775
51^34=>{45,46,47,48,49,50},e=-3361879598917903404405433362993271103717109299984772034
52^34=>{35,36,37,38,40,42,43,44,46,48,49,50,51},e=-9172632539324279785025237693497539116019507672873701
53^34=>{49,50,51,52},e=-41353427931274364038501949741750915735588790501951062417
54^34=>{36,37,39,46,47,49,51,52,53},e=-12351831734842367282931175907221198541670082055378670
55^34=>{37,39,40,46,48,49,52,53,54},e=-40592211504156830564920458426309894457777422970553555
56^34=>{34,35,36,39,40,45,47,49,53,54,55},e=-5014494672471752305926118619888919567875961837430767
57^34=>{40,41,43,44,45,46,48,51,52,53,55,56},e=-585786056152663545571826196749359939364037980132964597
58^34=>{46,48,50,53,54,56,57},e=-9343280166961544352122238705299463480710881657843313706
59^34=>{45,46,47,49,50,51,53,55,57,58},e=-18549177335683610871021413308246456419021258361337429238
60^34=>{41,42,47,49,52,53,56,58,59},e=-1616815453868160556677155929267121614795216608439942949
61^34=>{43,44,46,47,48,50,51,52,57,59,60},e=-948169571659276896679311579168032011890627223816416708
62^34=>{42,43,46,47,48,49,52,53,56,57,60,61},e=-1845190519299203160461184708716878963528419649792685038
63^34=>{42,43,45,46,49,55,56,57,58,59,60,62},e=-1760410531921052407793966227102061972627515395559679645
64^34=>{40,41,44,45,49,50,52,56,59,62,63},e=-203137319848795677634074625933144604015417784309993461
65^34=>{34,35,37,40,42,43,44,47,49,50,51,52,53,54,55,58,60,61,62,64},e=-7629902781115351903417414379710513990292466588504
66^34=>{36,45,46,47,50,51,53,54,55,56,57,60,64,65},e=-4256396614451134375117931163793167855011130534731567
67^34=>{33,34,35,36,37,40,42,45,49,50,51,52,57,58,59,61,63,64,66},e=-1772519709059473571180545361328630744536578491833377
68^34=>{35,40,42,45,46,48,50,52,56,59,62,64,65,67},e=-6489923905084993722683238961705326767975431545596245
69^34=>{33,35,36,37,38,40,41,42,43,47,51,53,54,55,56,58,60,62,65,66,68},e=-530480856678864677035264189853754878984668852700585
70^34=>{28,32,34,42,43,45,47,48,52,54,55,57,59,61,68,69},e=-6062773103339378551209377470713255161816258848896
71^34=>{37,41,44,45,50,54,55,57,60,69,70},e=-4812073614147889629831238964744908520338959373079741
72^34=>{35,37,38,40,42,43,48,49,51,52,55,58,59,60,61,64,65,67,69,71},e=-523853351946489346503896513772978925631533761308460
73^34=>{37,39,40,41,43,45,47,48,50,52,53,55,56,57,59,61,62,63,64,65,68,70,72},e=-49564443749924057307782887327839273945860400651570796
74^34=>{33,34,38,39,42,44,46,51,52,53,55,56,57,58,59,63,64,66,69,71,73},e=-2898885357649219336953211535195273315948191559691
75^34=>{29,30,32,34,38,39,44,45,46,49,51,52,57,59,60,63,64,66,68,69,70,71,74},e=-6897015447985410988551077841000324623677091457737
76^34=>{32,33,34,35,39,45,46,47,49,50,51,53,55,57,58,61,63,66,67,68,70,73,75},e=-64884782085877668431675452378012041486315576368231
77^34=>{30,31,32,33,35,38,39,41,43,45,49,51,52,53,54,55,56,58,61,62,63,64,65,67,68,69,70,72,73,76},e=-36013827307098657635810899524690136090669428126104
78^34=>{31,32,33,34,36,39,40,42,46,47,48,49,50,51,53,55,56,64,66,67,69,72,75,77},e=-2143285528193273327317307987127438682842973323308
79^34=>{28,29,30,31,35,36,37,39,40,42,43,50,51,54,55,57,58,59,60,61,62,63,66,69,70,72,74,75,78},e=-6249199363714080957993577301322561032204026397525
80^34=>{28,30,32,35,37,39,40,42,48,51,52,54,56,57,58,59,62,64,65,66,72,73,77,79},e=-500930755309542805342100117662394755407940587746
81^34=>{32,33,34,35,36,37,39,47,48,49,52,55,56,58,63,68,71,72,73,74,75,76,78,79},e=-2884124576503377506871670101635164959561354506851
82^34=>{29,31,32,34,35,36,41,43,45,46,47,50,51,56,57,58,60,62,67,70,71,72,74,75,78,79,80},e=-9603310738793358697940440932601685377105415123733
83^34=>{29,30,34,36,42,44,46,50,52,54,56,58,59,61,63,64,65,68,70,71,72,73,78,79,82},e=-1514721771925026615758930820734433991502763118439
84^34=>{28,30,31,32,33,36,37,38,39,40,41,42,43,45,46,48,49,50,52,62,63,70,73,74,75,76,80,81,82},e=-4060579225662580434443980413465343302616689560140
85^34=>{24,25,29,30,33,34,36,37,39,41,43,44,46,47,49,50,51,52,54,57,62,64,67,68,69,70,71,74,76,82,84},e=-38970647710895853407128534225584054171794149637
86^34=>{25,27,29,30,34,35,36,38,45,46,47,48,49,50,53,55,57,58,63,64,65,66,68,69,71,73,76,77,78,79,80,81,82,84},e=-42913254442271478129035879998932685491050136714
87^34=>{26,28,29,32,34,35,36,37,40,42,44,45,50,53,56,62,65,66,69,70,74,75,76,84,86},e=-79896524953091344182880263650725949661066649167
88^34=>{27,29,30,31,32,34,36,38,41,42,43,45,48,51,52,55,56,58,60,62,63,66,67,68,74,75,78,79,81,82,83,84,86},e=-68229002934797938118389693439147483091755225214
89^34=>{27,28,33,34,37,39,41,43,45,46,49,50,51,52,53,57,58,59,60,63,65,67,69,74,75,78,83,85,88},e=-545965897886147399516517680515230703362593266994
90^34=>{24,25,26,27,28,31,33,35,36,37,38,41,43,46,48,49,53,55,56,57,58,61,67,68,69,70,72,73,74,75,76,77,78,80,83,86,89},e=-51733902176450372136804450468628598075486154252
91^34=>{24,25,27,29,30,31,35,36,37,40,41,43,44,49,54,57,61,64,67,68,69,70,71,73,74,75,76,81,83,85,86,90},e=-3827418472962150713236436014253000254974534882
92^34=>{24,25,26,29,30,32,34,36,38,39,42,44,48,50,51,53,55,57,58,59,63,64,65,67,70,72,74,75,78,79,81,82,84,88,91},e=-6976206626267779721884717283941979173954632263
93^34=>{25,26,29,32,33,36,41,43,44,46,48,54,55,57,59,64,65,66,69,70,71,72,76,77,78,80,82,83,84,85,86,87,89,91},e=-27607289855077327970684875610254727401595282312
94^34=>{24,25,27,28,34,35,38,39,40,41,42,47,48,51,55,57,58,61,62,63,68,69,70,73,78,82,84,85,86,87,91,92},e=-13102446360533234659803186200021689375173643768
95^34=>{24,25,27,28,30,31,33,35,36,38,39,40,43,49,51,52,54,57,60,61,63,64,65,66,68,70,71,72,76,77,78,81,82,85,86,91,94},e=-1047033086851449245717328720160297568400496593
96^34=>{25,26,28,30,31,32,33,35,36,38,40,44,46,56,57,58,59,60,64,70,72,76,78,79,80,81,82,83,86,88,89,93,94},e=-7855447254960302161634549301004893413378885931
97^34=>{19,21,22,23,25,29,32,33,35,37,39,42,43,45,49,50,52,55,59,60,62,63,64,65,66,67,71,72,73,74,75,76,77,79,80,81,82,83,85,87,91,94,95},e=-9579130906302010362712895820557435392147179
98^34=>{21,26,27,28,29,31,33,35,36,37,38,39,42,43,45,47,49,56,57,58,59,61,62,64,65,66,67,68,71,73,74,76,78,81,84,86,88,89,90,91,92,93,96},e=-600507269032054075218830080110072013632737319
99^34=>{22,26,28,29,31,34,37,39,40,44,45,47,48,52,57,59,61,62,64,65,66,68,70,74,77,81,82,89,93,96,97},e=-934553170487925747584904366794503349480763950
100^34=>{19,21,28,32,35,40,41,42,44,45,49,53,58,59,61,62,63,66,68,71,72,73,77,78,81,82,84,86,87,89,90,92,94,96,98},e=-13949342965845834336301227742748790729074224
101^34=>{23,25,26,29,31,33,34,35,37,42,44,45,48,49,54,55,57,58,60,61,62,64,65,66,67,68,69,70,75,76,77,78,79,83,84,87,95,98,99},e=-83634682292861079507147139944238868301130389
102^34=>{21,22,24,25,26,32,33,34,35,38,41,42,43,45,46,48,49,52,54,56,57,59,60,61,62,68,70,72,74,77,78,79,80,82,85,87,88,90,91,93,95,96,97,100},e=-189671766328562575828644859042175395251922067
103^34=>{23,24,25,26,28,29,30,34,35,37,41,43,44,46,48,51,52,53,54,55,58,59,61,63,65,66,67,68,72,73,78,79,82,83,85,86,87,89,90,91,93,95,96,99,101},e=-132338452721463791503011557548910323846678977
