2^35=>{1},e=34359738367
3^35=>{2,1},e=50031510739261338
4^35=>{3,2,1},e=1180541589137952565348
5^35=>{4,3,2,1},e=2909202404021073491286625
6^35=>{5,4,3,2,1},e=1716159236061096923797288551
7^35=>{6,5,4,3,2,1},e=377096709902229033424457598142
8^35=>{7,6,5,4,3,2,1},e=40184278532674240317953524918288
9^35=>{8,7,6,5,4,3,2,1},e=2462210145111309159937736505860073
10^35=>{9,8,7,6,5,4,3,2,1},e=97455899135124825957306592533688375
11^35=>{10,9,8,7,6,5,4,3,2,1},e=2707699583941549611018520495887093226
12^35=>{11,10,9,8,7,6,5,4,3,2,1},e=56154035129753020489341451606644380292
13^35=>{12,11,10,9,8,7,6,5,4,3,2,1},e=910806431816623393767026816922597449113
14^35=>{13,12,11,10,9,8,7,6,5,4,3,2,1},e=11981345501937332413627891065244404205423
15^35=>{14,13,12,11,10,9,8,7,6,5,4,3,2,1},e=131560083796596391631093487413090771502750
16^35=>{15,14,13,12,11,10,9,8,7,6,5,4,3,2,1},e=1234134737494817631349304621099426353907776
17^35=>{16,15,14,13,12,11,10,9,8,7,6,5,4,3,2,1},e=10080091252736665317489434075756214643944817
18^35=>{17,16,15,14,13,12,11,10,9,8,7,6,5,4,3,2,1},e=72820760168607013189241663644460455714530063
19^35=>{18,17,16,15,14,13,12,11,10,9,8,7,6,5,4,3,2,1},e=471463385785260789909379903043612661517143898
20^35=>{19,18,17,16,15,14,13,12,11,10,9,8,7,6,5,4,3,2,1},e=2766120898368006440351437752060588617803298500
21^35=>{20,19,18,17,16,15,14,13,12,11,10,9,8,7,6,5,4,3,2,1},e=14847057711201705460449479923528972484895897201
22^35=>{21,20,19,18,17,16,15,14,13,12,11,10,9,8,7,6,5,4,3,2,1},e=73500526498607319760427340164299233273052722967
23^35=>{22,21,20,19,18,17,16,15,14,13,12,11,10,9,8,7,6,5,4,3,2,1},e=337969665159546832422567988001410954025088308638
24^35=>{23,22,21,20,19,18,17,16,15,14,13,12,11,10,9,8,7,6,5,4,3,2,1},e=1452315018399542400050365878740281469413563439248
25^35=>{24,23,22,21,20,19,18,17,16,15,14,13,12,11,10,9,8,7,6,5,4,3,2,1},e=5863603327736612506108040956040856947963650665625
26^35=>{25,24,23,22,21,20,19,18,17,16,15,14,13,12,11,10,9,8,7,6,5,4,3,2,1},e=22347618291601555055918908636822510950155905647751
27^35=>{26,25,24,23,22,21,20,19,18,17,16,15,14,13,12,11,10,9,8,7,6,5,4,3,2,1},e=80735008011578409835424327781119493730327859467242
28^35=>{27,26,25,24,23,22,21,20,19,18,17,16,15,14,13,12,11,10,9,8,7,6,5,4,3,2,1},e=277491706795792369715135865438478804899410110903588
