3^35=>{1,2},e=50031510739261338
4^35=>{1,2,3},e=1180541589137952565348
5^35=>{1,2,3,4},e=2909202404021073491286625
6^35=>{1,2,3,4,5},e=1716159236061096923797288551
7^35=>{1,2,3,4,5,6},e=377096709902229033424457598142
8^35=>{1,2,3,4,5,6,7},e=40184278532674240317953524918288
9^35=>{1,2,3,4,5,6,7,8},e=2462210145111309159937736505860073
10^35=>{1,2,3,4,5,6,7,8,9},e=97455899135124825957306592533688375
11^35=>{1,2,3,4,5,6,7,8,9,10},e=2707699583941549611018520495887093226
12^35=>{1,2,3,4,5,6,7,8,9,10,11},e=56154035129753020489341451606644380292
13^35=>{1,2,3,4,5,6,7,8,9,10,11,12},e=910806431816623393767026816922597449113
14^35=>{1,2,3,4,5,6,7,8,9,10,11,12,13},e=11981345501937332413627891065244404205423
15^35=>{1,2,3,4,5,6,7,8,9,10,11,12,13,14},e=131560083796596391631093487413090771502750
16^35=>{1,2,3,4,5,6,7,8,9,10,11,12,13,14,15},e=1234134737494817631349304621099426353907776
17^35=>{1,2,3,4,5,6,7,8,9,10,11,12,13,14,15,16},e=10080091252736665317489434075756214643944817
18^35=>{1,2,3,4,5,6,7,8,9,10,11,12,13,14,15,16,17},e=72820760168607013189241663644460455714530063
19^35=>{1,2,3,4,5,6,7,8,9,10,11,12,13,14,15,16,17,18},e=471463385785260789909379903043612661517143898
20^35=>{1,2,3,4,5,6,7,8,9,10,11,12,13,14,15,16,17,18,19},e=2766120898368006440351437752060588617803298500
21^35=>{1,2,3,4,5,6,7,8,9,10,11,12,13,14,15,16,17,18,19,20},e=14847057711201705460449479923528972484895897201
22^35=>{1,2,3,4,5,6,7,8,9,10,11,12,13,14,15,16,17,18,19,20,21},e=73500526498607319760427340164299233273052722967
23^35=>{1,2,3,4,5,6,7,8,9,10,11,12,13,14,15,16,17,18,19,20,21,22},e=337969665159546832422567988001410954025088308638
24^35=>{1,2,3,4,5,6,7,8,9,10,11,12,13,14,15,16,17,18,19,20,21,22,23},e=1452315018399542400050365878740281469413563439248
25^35=>{1,2,3,4,5,6,7,8,9,10,11,12,13,14,15,16,17,18,19,20,21,22,23,24},e=5863603327736612506108040956040856947963650665625
26^35=>{1,2,3,4,5,6,7,8,9,10,11,12,13,14,15,16,17,18,19,20,21,22,23,24,25},e=22347618291601555055918908636822510950155905647751
27^35=>{1,2,3,4,5,6,7,8,9,10,11,12,13,14,15,16,17,18,19,20,21,22,23,24,25,26},e=80735008011578409835424327781119493730327859467242
28^35=>{1,2,3,4,5,6,7,8,9,10,11,12,13,14,15,16,17,18,19,20,21,22,23,24,25,26,27},e=277491706795792369715135865438478804899410110903588
29^35=>{1,2,3,4,5,6,7,8,9,10,11,12,13,14,15,16,17,18,19,20,21,22,23,24,25,26,27,28},e=910350963984915691630517110509380439554250178826473
30^35=>{1,2,3,4,5,6,7,8,9,10,11,12,13,14,15,16,17,18,19,20,21,22,23,24,25,26,27,28,29},e=2858866264066753880746028033473772171435344014465375
31^35=>{1,2,3,4,5,6,7,8,9,10,11,12,13,14,15,16,17,18,19,20,21,22,23,24,25,26,27,28,29,30},e=8616298006646466076478087694313659594252533200916926
32^35=>{1,2,3,4,5,6,7,8,9,10,11,12,13,14,15,16,17,18,19,20,21,22,23,24,25,26,27,28,29,30,31},e=24979302133946185708712312971081046736703752396251392
33^35=>{1,2,3,4,5,6,7,8,9,10,11,12,13,14,15,16,17,18,19,20,21,22,23,24,25,26,27,28,29,30,31,32},e=69799164485399891378657480373036401962870749961154913
34^35=>{1,2,3,4,5,6,7,8,9,10,11,12,13,14,15,16,17,18,19,20,21,22,23,24,25,26,27,28,29,30,31,32,33},e=188323219956789317132051484219889132415204389483761823
35^35=>{1,2,3,4,5,6,7,8,9,10,11,12,13,14,15,16,17,18,19,20,21,22,23,24,25,26,27,28,29,30,31,32,33,34},e=491379273745872124307682483544293302868126936068580250
36^35=>{1,2,3,4,5,6,7,8,9,10,11,12,13,14,15,16,17,18,19,20,21,22,23,24,25,26,27,28,29,30,31,32,33,34,35},e=1241568689585255977062817276507731988205571066249133476
37^35=>{1,2,3,4,5,6,7,8,9,10,11,12,13,14,15,16,17,18,19,20,21,22,23,24,25,26,27,28,29,30,31,32,33,34,35,36},e=3041265744914863110885160967880680206694465439408220417
38^35=>{1,2,3,4,5,6,7,8,9,10,11,12,13,14,15,16,17,18,19,20,21,22,23,24,25,26,27,28,29,30,31,32,33,34,35,36,37},e=7228719123681084785666097328100892318761920868123873863
39^35=>{1,2,3,4,5,6,7,8,9,10,11,12,13,14,15,16,17,18,19,20,21,22,23,24,25,26,27,28,29,30,31,32,33,34,35,36,37,38},e=16683377586351468281519854435543968915716731263776172798
40^35=>{1,2,3,4,5,6,7,8,9,10,11,12,13,14,15,16,17,18,19,20,21,22,23,24,25,26,27,28,29,30,31,32,33,34,35,36,37,38,39},e=37402562142287187947970522692146095418884864603509914000
41^35=>{1,2,3,4,5,6,7,8,9,10,11,12,13,14,15,16,17,18,19,20,21,22,23,24,25,26,27,28,29,30,31,32,33,34,35,36,37,38,39,40},e=81462853690096237329685595821747811876435196952448147401
42^35=>{1,2,3,4,5,6,7,8,9,10,11,12,13,14,15,16,17,18,19,20,21,22,23,24,25,26,27,28,29,30,31,32,33,34,35,36,37,38,39,40,41},e=172321774580301560905682152283228643018428308450148340567
43^35=>{1,2,3,4,5,6,7,8,9,10,11,12,13,14,15,16,17,18,19,20,21,22,23,24,25,26,27,28,29,30,31,32,33,34,35,36,37,38,39,40,41,42},e=353759779843454617781088614400875144083920383692321592938
44^35=>{1,2,3,4,5,6,7,8,9,10,11,12,13,14,15,16,17,18,19,20,21,22,23,24,25,26,27,28,29,30,31,32,33,34,35,36,37,38,39,40,41,42,43},e=703769306682483737453781030789549261314946687089942958148
45^35=>{1,2,3,4,5,6,7,8,9,10,11,12,13,14,15,16,17,18,19,20,21,22,23,24,25,26,27,28,29,30,31,32,33,34,35,36,37,38,39,40,41,42,43,44},e=1353410356185803643849831430271363937788167745817302141625
46^35=>{1,2,3,4,5,6,7,8,9,10,11,12,13,14,15,16,17,18,19,20,21,22,23,24,25,26,27,28,29,30,31,32,33,34,35,36,37,38,39,40,41,42,43,44,45},e=2505718375066385330683082166795510039487173438115244479951
47^35=>{1,2,3,4,5,6,7,8,9,10,11,12,13,14,15,16,17,18,19,20,21,22,23,24,25,26,27,28,29,30,31,32,33,34,35,36,37,38,39,40,41,42,43,44,45,46},e=4435825411357202352780465359444147192648439307032872149342
48^35=>{1,2,3,4,5,6,7,8,9,10,11,12,13,14,15,16,17,18,19,20,21,22,23,24,25,26,27,28,29,30,31,32,33,34,35,36,37,38,39,40,41,42,43,44,45,46,47},e=7419044720272018060428884620887529688889250850612327565888
49^35=>{1,2,3,4,5,6,7,8,9,10,11,12,13,14,15,16,17,18,19,20,21,22,23,24,25,26,27,28,29,30,31,32,33,34,35,36,37,38,39,40,41,42,43,44,45,46,47,48},e=11455053937442196581035188551960550567784027671750902737873
50^35=>{1,2,3,4,5,6,7,8,9,10,11,12,13,14,15,16,17,18,19,20,21,22,23,24,25,26,27,28,29,30,31,32,33,34,35,36,37,38,39,40,41,42,43,44,45,46,47,48,49},e=15486155285042364142641535838618407087629260193258769459375
51^35=>{1,2,3,4,5,6,7,8,9,10,11,12,13,14,15,16,17,18,19,20,21,22,23,24,25,26,27,28,29,30,31,32,33,34,35,36,37,38,39,40,41,42,43,44,45,46,47,48,49,50},e=15454010879179339177963026447203797790364961844409339073626
52^35=>{37,38,41,42,43,44,45,46,47,48,49,50,51},e=-470040203129117260104111327638249956908815187936454633
53^35=>{32,37,38,42,43,48,49,50,51,52},e=-981251233175147587516905555661126074891765708580511
54^35=>{42,44,45,47,50,51,52,53},e=-19348856866917661017733547930367760437465392312062887612
55^35=>{45,46,47,49,50,52,53,54},e=-549607398427508194841513483503813581998317120453913255867
56^35=>{48,51,53,54,55},e=-3999275948048069051890229266902092637223143870535439490463
57^35=>{43,46,47,48,51,54,55,56},e=-149311170781331531398245244233341136820657145214802086091
58^35=>{42,43,44,46,48,50,55,56,57},e=-152411308408471265636243855691196557555432149439793426019
59^35=>{36,37,38,43,44,48,49,51,52,54,55,57,58},e=-281735660527458070347564204081342326322772051195481657
60^35=>{39,45,47,50,51,52,53,54,56,58,59},e=-11180283588213933574039610821835796683360286195845560374
61^35=>{32,34,35,37,38,39,47,48,49,53,55,57,59,60},e=-4305166549781270166596151107096336670688612251588138
62^35=>{28,29,31,33,34,35,37,38,39,40,41,42,43,45,47,48,49,53,55,58,60,61},e=-260333531978255120896161107154718805034108798453134
63^35=>{46,47,48,49,54,59,61,62},e=-1411657114616156828209016478061281155265221363732842099785
64^35=>{33,35,37,38,41,44,45,46,47,48,49,50,51,53,54,58,59,62,63},e=-62912715719790556220044632039770910025940933456957121
65^35=>{29,31,35,36,40,41,42,45,53,56,58,59,60,61,62,64},e=-385391910669537932070185923638850393178030513406977
66^35=>{31,32,33,35,38,41,42,43,44,45,48,49,52,53,54,55,56,60,61,62,63,65},e=-5370534666449787963575801050832866722811989356719014
67^35=>{42,44,46,48,50,51,52,53,54,55,56,57,58,59,61,65,66},e=-40302085651818603871315720595172274800943866036386344534
68^35=>{38,40,45,47,52,53,54,58,60,61,62,64,65,67},e=-6109596713184719808640793916997239537369127215886774610
69^35=>{41,42,43,45,47,50,52,55,57,59,61,62,67,68},e=-52527717836311476412592168850072478729357828750000321574
70^35=>{47,48,53,54,57,58,59,61,62,63,66,67,69},e=-232884166347943598352436159812746341754246631345477769924
71^35=>{33,34,37,38,39,41,43,44,49,50,54,58,61,63,64,65,66,68,70},e=-31840614519599485682864629078439419959545579280428256
72^35=>{36,39,40,41,42,45,46,52,54,57,58,59,61,62,64,68,69,71},e=-269567380240036059998804213876329616107128796269940618
73^35=>{35,37,38,39,40,41,45,48,51,52,53,56,57,62,64,69,70,72},e=-477327209999078093603088187278376225155351022069905154
74^35=>{37,38,40,44,45,47,49,51,52,53,55,57,62,64,66,67,69,71,73},e=-50298491218656386379021238769837153436555175287957954
75^35=>{35,36,37,39,40,41,42,44,46,47,48,49,53,54,55,58,59,61,62,63,64,65,66,67,70,72,74},e=-34407282458829990173199354020399154475791752244179884
76^35=>{42,44,45,46,47,48,49,50,55,60,63,66,68,69,70,71,72,73,74},e=-222341721409118248313412110335007203190264842472288680
77^35=>{31,33,37,40,43,44,46,50,52,54,56,58,60,61,62,64,67,68,69,71,72,73,74,75},e=-8211216495797645163767672963333322724162093984741307
78^35=>{30,32,33,35,36,37,38,40,42,45,46,47,48,49,51,53,56,57,58,59,62,68,71,72,73,74,77},e=-420334098454847951517125330677909688379038445991863
79^35=>{31,33,34,38,39,45,48,49,53,57,58,63,64,65,66,68,71,73,74,75,78},e=-1073586725837619224923363394427391545271449923148455
80^35=>{32,36,37,38,41,43,45,48,49,50,51,52,54,55,59,60,63,64,66,68,69,70,74,75,76,79},e=-3865326886737768583559081986545772402200666182203362
81^35=>{31,33,38,41,43,45,46,47,48,50,51,54,56,57,59,61,62,65,69,70,71,72,74,75,77,78,79},e=-1228500264315152413531585805261786154880065561464551
82^35=>{29,31,32,33,39,44,46,47,48,50,51,56,57,59,60,62,63,64,65,68,70,71,72,77,78,79,80},e=-407811025601626256160384334184117183833549306993149
83^35=>{28,29,30,31,32,34,36,37,39,41,44,48,49,50,52,53,54,55,56,57,58,60,61,62,63,65,67,70,71,72,73,75,78,79,82},e=-259213110237523121642031479790293913771575656875110
84^35=>{27,31,32,34,35,37,43,46,48,50,51,52,57,58,59,60,65,66,67,68,73,76,77,78,80,83},e=-57944325968554675746620431756820913091520898559129
85^35=>{29,33,34,35,36,37,39,42,43,45,46,47,48,51,52,53,55,56,59,61,62,67,69,71,73,76,78,79,81,84},e=-494575267726387900104440373331935229165548380915726
86^35=>{30,31,35,39,43,44,49,52,53,54,57,61,62,63,64,65,71,72,77,81,82,85},e=-25718445568884558834014545916933878759926833957402
87^35=>{30,32,35,39,40,41,42,43,44,45,46,47,48,51,53,59,61,63,65,66,68,69,70,72,73,74,75,76,77,78,81,83,86},e=-113478127559787055483323260391228050268167433752181
88^35=>{30,31,32,34,39,43,44,49,50,51,53,54,55,57,58,61,64,68,69,75,76,77,79,82,83,85,86},e=-694214840373990179360558048252758043528582289681747
89^35=>{27,30,31,32,34,35,36,37,38,39,40,44,50,51,53,54,55,56,58,59,60,62,64,65,74,75,77,78,79,81,82,83,84,85,87},e=-78270924452499010702366425462337111375053939658258
90^35=>{27,30,32,33,36,38,40,44,45,46,47,50,52,54,55,58,59,60,61,69,70,75,76,77,79,80,81,82,84,85,89},e=-10793197316362264335550847846832118618862523534002
91^35=>{26,27,28,29,30,31,32,34,35,36,37,38,39,41,43,47,49,50,53,55,58,60,61,62,63,68,71,72,75,77,78,79,82,84,85,86,87,89},e=-227028315508920261887055595222768093936294976642
92^35=>{23,24,25,26,27,28,29,33,35,36,37,39,40,42,43,44,45,47,48,51,53,57,58,59,60,62,64,65,66,71,73,74,75,77,80,81,82,84,86,87,91},e=-73044851689346032505301950597585595881328286775
93^35=>{25,26,33,35,36,37,39,42,43,44,45,48,50,56,59,65,67,70,71,72,75,76,77,78,79,80,81,82,85,87,88,89,91},e=-5206783986542389764253910311082556106928867752506
94^35=>{27,28,31,32,35,36,37,38,40,42,48,52,55,57,62,63,64,65,66,67,68,69,70,72,74,77,79,82,85,87,88,91,92},e=-2638986728903790280077764342747799411681591371677
95^35=>{23,24,25,26,32,33,36,38,41,43,46,48,49,52,55,56,57,58,59,61,62,64,68,71,73,76,78,79,81,82,84,86,89,90,94},e=-174939357854401520471056755012613968821647279680
96^35=>{25,26,30,35,37,42,43,44,46,47,49,50,52,53,54,55,59,60,61,62,65,67,70,75,76,77,78,79,80,81,83,85,86,90,91,95},e=-508780160249309463402816303690434453600699960430
97^35=>{26,27,33,34,36,37,40,43,44,45,46,52,53,54,57,59,60,62,63,71,76,82,84,85,87,88,90,92,96},e=-81826698337728187991050627025969510364000326987
98^35=>{24,26,28,29,32,33,34,35,36,39,40,41,43,45,47,48,53,55,56,58,59,61,62,63,65,69,70,72,76,78,81,87,93,95,96},e=-137395921592610581557185506792009221466654034973
99^35=>{23,31,32,35,39,40,45,47,48,49,51,55,57,61,66,70,72,73,74,76,77,80,81,83,85,87,88,90,92,93,94,95,96},e=-149247318915150470423247544952543214555401375572
100^35=>{22,23,28,31,34,36,38,40,44,45,47,48,49,50,51,52,55,56,57,62,64,65,67,70,73,75,76,77,78,79,80,83,85,89,90,94,97,98},e=-43542576711280965745539568626089863783170724548
101^35=>{22,24,28,29,31,32,36,37,43,46,48,50,51,53,57,59,60,65,67,71,72,74,77,78,79,81,83,84,85,92,94,96,100},e=-9238171770884106651352898185358043928758037435
102^35=>{21,23,25,26,31,33,34,36,37,39,40,41,42,43,47,51,52,53,54,57,60,63,64,70,71,72,74,75,76,78,80,81,82,86,87,88,90,93,95,99,100},e=-7576131735812584123941427995587216425652846061
103^35=>{23,25,26,29,32,33,35,37,38,39,41,42,44,45,47,51,54,55,57,58,63,64,65,67,72,76,80,84,89,91,92,99,102},e=-27879507583158720838590704551036888792813103112
104^35=>{20,22,23,25,26,32,33,36,39,41,42,44,46,48,49,51,52,55,56,59,63,64,65,66,67,68,72,73,76,77,78,79,80,87,90,91,94,97,101,102},e=-2688709156410572706334132679773800313767503783
105^35=>{22,25,26,27,28,31,32,33,34,36,39,40,41,42,43,45,46,52,56,57,58,59,60,62,63,68,70,71,74,75,76,77,79,82,83,86,87,88,90,91,93,94,96,97,99,104},e=-91926022993926238264296028326940383749808314
106^35=>{20,21,25,26,27,29,31,32,33,34,35,36,37,42,45,46,48,52,55,57,59,68,69,70,71,73,74,75,76,77,81,82,84,85,86,87,88,89,90,91,93,94,96,98,99,102,104},e=-991707981393909556672665828365646593556569604
