2^36=>{1},e=68719476735
3^36=>{2,1},e=150094566577522384
4^36=>{3,2,1},e=4722216388165628737838
5^36=>{4,3,2,1},e=14547192711789278144951071
6^36=>{5,4,3,2,1},e=10299868160745591120703618877
7^36=>{6,5,4,3,2,1},e=2641401864423417991807383102366
8^36=>{7,6,5,4,3,2,1},e=321856493831130837831405356915420
9^36=>{8,7,6,5,4,3,2,1},e=22201218931453451796105241190535549
10^36=>{9,8,7,6,5,4,3,2,1},e=977144419841575102972424945440990267
11^36=>{10,9,8,7,6,5,4,3,2,1},e=29889824952712247738645777882328443628
12^36=>{11,10,9,8,7,6,5,4,3,2,1},e=676866338872062747848643379018122698122
13^36=>{12,11,10,9,8,7,6,5,4,3,2,1},e=11905481141632226241355443845960440786331
14^36=>{13,12,11,10,9,8,7,6,5,4,3,2,1},e=168838600208357590547756695488767497899385
15^36=>{14,13,12,11,10,9,8,7,6,5,4,3,2,1},e=1988551896938555772906160673535710145921338
16^36=>{15,14,13,12,11,10,9,8,7,6,5,4,3,2,1},e=19920968277320038315025310070871266476120504
17^36=>{16,15,14,13,12,11,10,9,8,7,6,5,4,3,2,1},e=173089822186247776872099475584117712594997753
18^36=>{17,16,15,14,13,12,11,10,9,8,7,6,5,4,3,2,1},e=1325688962002030389721303796298269718822101367
19^36=>{18,17,16,15,14,13,12,11,10,9,8,7,6,5,4,3,2,1},e=9071914385210425545462763180974521445126073096
20^36=>{19,18,17,16,15,14,13,12,11,10,9,8,7,6,5,4,3,2,1},e=56106380961082592903861862312297064614563010534
21^36=>{20,19,18,17,16,15,14,13,12,11,10,9,8,7,6,5,4,3,2,1},e=316678001704190272325920747913133125823507583255
22^36=>{21,20,19,18,17,16,15,14,13,12,11,10,9,8,7,6,5,4,3,2,1},e=1644960083999981184965629757553015630897142947509
23^36=>{22,21,20,19,18,17,16,15,14,13,12,11,10,9,8,7,6,5,4,3,2,1},e=7920868748722136000875212546973999265238645464278
24^36=>{23,22,21,20,19,18,17,16,15,14,13,12,11,10,9,8,7,6,5,4,3,2,1},e=35580332454845000698627338998715943190155487862932
25^36=>{24,23,22,21,20,19,18,17,16,15,14,13,12,11,10,9,8,7,6,5,4,3,2,1},e=149921581351477686634694765860726174295871497311605
