3^36=>{1,2},e=150094566577522384
4^36=>{1,2,3},e=4722216388165628737838
5^36=>{1,2,3,4},e=14547192711789278144951071
6^36=>{1,2,3,4,5},e=10299868160745591120703618877
7^36=>{1,2,3,4,5,6},e=2641401864423417991807383102366
8^36=>{1,2,3,4,5,6,7},e=321856493831130837831405356915420
9^36=>{1,2,3,4,5,6,7,8},e=22201218931453451796105241190535549
10^36=>{1,2,3,4,5,6,7,8,9},e=977144419841575102972424945440990267
11^36=>{1,2,3,4,5,6,7,8,9,10},e=29889824952712247738645777882328443628
12^36=>{1,2,3,4,5,6,7,8,9,10,11},e=676866338872062747848643379018122698122
13^36=>{1,2,3,4,5,6,7,8,9,10,11,12},e=11905481141632226241355443845960440786331
14^36=>{1,2,3,4,5,6,7,8,9,10,11,12,13},e=168838600208357590547756695488767497899385
15^36=>{1,2,3,4,5,6,7,8,9,10,11,12,13,14},e=1988551896938555772906160673535710145921338
16^36=>{1,2,3,4,5,6,7,8,9,10,11,12,13,14,15},e=19920968277320038315025310070871266476120504
17^36=>{1,2,3,4,5,6,7,8,9,10,11,12,13,14,15,16},e=173089822186247776872099475584117712594997753
18^36=>{1,2,3,4,5,6,7,8,9,10,11,12,13,14,15,16,17},e=1325688962002030389721303796298269718822101367
19^36=>{1,2,3,4,5,6,7,8,9,10,11,12,13,14,15,16,17,18},e=9071914385210425545462763180974521445126073096
20^36=>{1,2,3,4,5,6,7,8,9,10,11,12,13,14,15,16,17,18,19},e=56106380961082592903861862312297064614563010534
21^36=>{1,2,3,4,5,6,7,8,9,10,11,12,13,14,15,16,17,18,19,20},e=316678001704190272325920747913133125823507583255
22^36=>{1,2,3,4,5,6,7,8,9,10,11,12,13,14,15,16,17,18,19,20,21},e=1644960083999981184965629757553015630897142947509
23^36=>{1,2,3,4,5,6,7,8,9,10,11,12,13,14,15,16,17,18,19,20,21,22},e=7920868748722136000875212546973999265238645464278
24^36=>{1,2,3,4,5,6,7,8,9,10,11,12,13,14,15,16,17,18,19,20,21,22,23},e=35580332454845000698627338998715943190155487862932
25^36=>{1,2,3,4,5,6,7,8,9,10,11,12,13,14,15,16,17,18,19,20,21,22,23,24},e=149921581351477686634694765860726174295871497311605
26^36=>{1,2,3,4,5,6,7,8,9,10,11,12,13,14,15,16,17,18,19,20,21,22,23,24,25},e=595446629357052199711143775574642017593897958878131
27^36=>{1,2,3,4,5,6,7,8,9,10,11,12,13,14,15,16,17,18,19,20,21,22,23,24,25,26},e=2238755499614329177420144727859409539144980886031140
28^36=>{1,2,3,4,5,6,7,8,9,10,11,12,13,14,15,16,17,18,19,20,21,22,23,24,25,26,27},e=7998416540648077560935787891331562190412508181941314
29^36=>{1,2,3,4,5,6,7,8,9,10,11,12,13,14,15,16,17,18,19,20,21,22,23,24,25,26,27,28},e=27245795346852596830008707291834612094807483165962643
30^36=>{1,2,3,4,5,6,7,8,9,10,11,12,13,14,15,16,17,18,19,20,21,22,23,24,25,26,27,28,29},e=88755893559125875014358524057801972319359204399490801
31^36=>{1,2,3,4,5,6,7,8,9,10,11,12,13,14,15,16,17,18,19,20,21,22,23,24,25,26,27,28,29,30},e=277242586598896894482052373543838482426692069179488882
32^36=>{1,2,3,4,5,6,7,8,9,10,11,12,13,14,15,16,17,18,19,20,21,22,23,24,25,26,27,28,29,30,31},e=832386200197247229905011701722074645830765461803094896
33^36=>{1,2,3,4,5,6,7,8,9,10,11,12,13,14,15,16,17,18,19,20,21,22,23,24,25,26,27,28,29,30,31,32},e=2407222629099337570660598915183495692270447576581386225
34^36=>{1,2,3,4,5,6,7,8,9,10,11,12,13,14,15,16,17,18,19,20,21,22,23,24,25,26,27,28,29,30,31,32,33},e=6718242182437721564910678759174187886054467705752778479
35^36=>{1,2,3,4,5,6,7,8,9,10,11,12,13,14,15,16,17,18,19,20,21,22,23,24,25,26,27,28,29,30,31,32,33,34},e=18124655510620685704833919169617438029620776886072151872
36^36=>{1,2,3,4,5,6,7,8,9,10,11,12,13,14,15,16,17,18,19,20,21,22,23,24,25,26,27,28,29,30,31,32,33,34,35},e=47336489479546801795922344583128247398102650765443161758
37^36=>{1,2,3,4,5,6,7,8,9,10,11,12,13,14,15,16,17,18,19,20,21,22,23,24,25,26,27,28,29,30,31,32,33,34,35,36},e=119835689355837628236666476483508242245534401218432672527
38^36=>{1,2,3,4,5,6,7,8,9,10,11,12,13,14,15,16,17,18,19,20,21,22,23,24,25,26,27,28,29,30,31,32,33,34,35,36,37},e=294379129517803991124621576193784020467760813548152265261
39^36=>{1,2,3,4,5,6,7,8,9,10,11,12,13,14,15,16,17,18,19,20,21,22,23,24,25,26,27,28,29,30,31,32,33,34,35,36,37,38},e=702326139857181269305039012148319867900459541913072754190
40^36=>{1,2,3,4,5,6,7,8,9,10,11,12,13,14,15,16,17,18,19,20,21,22,23,24,25,26,27,28,29,30,31,32,33,34,35,36,37,38,39},e=1628433499610415466639015074155802801524016742162688661068
41^36=>{1,2,3,4,5,6,7,8,9,10,11,12,13,14,15,16,17,18,19,20,21,22,23,24,25,26,27,28,29,30,31,32,33,34,35,36,37,38,39,40},e=3671023777214068751974133072469473176283580368469156230509
42^36=>{1,2,3,4,5,6,7,8,9,10,11,12,13,14,15,16,17,18,19,20,21,22,23,24,25,26,27,28,29,30,31,32,33,34,35,36,37,38,39,40,41},e=8047455685985274962299018590110871517162391716070440810283
43^36=>{1,2,3,4,5,6,7,8,9,10,11,12,13,14,15,16,17,18,19,20,21,22,23,24,25,26,27,28,29,30,31,32,33,34,35,36,37,38,39,40,41,42},e=17151722216846432295359549866611039591092738503875043982172
44^36=>{1,2,3,4,5,6,7,8,9,10,11,12,13,14,15,16,17,18,19,20,21,22,23,24,25,26,27,28,29,30,31,32,33,34,35,36,37,38,39,40,41,42,43},e=35519882017381171449544935922830730807617255108637037196026
45^36=>{1,2,3,4,5,6,7,8,9,10,11,12,13,14,15,16,17,18,19,20,21,22,23,24,25,26,27,28,29,30,31,32,33,34,35,36,37,38,39,40,41,42,43,44},e=71389229537943541253886428202525799600092973868696749472139
46^36=>{1,2,3,4,5,6,7,8,9,10,11,12,13,14,15,16,17,18,19,20,21,22,23,24,25,26,27,28,29,30,31,32,33,34,35,36,37,38,39,40,41,42,43,44,45},e=138965681091282886694046511487626966333555220066513913441385
47^36=>{1,2,3,4,5,6,7,8,9,10,11,12,13,14,15,16,17,18,19,20,21,22,23,24,25,26,27,28,29,30,31,32,33,34,35,36,37,38,39,40,41,42,43,44,45,46},e=261125893204377625797951121825142096846148695994461931391914
48^36=>{1,2,3,4,5,6,7,8,9,10,11,12,13,14,15,16,17,18,19,20,21,22,23,24,25,26,27,28,29,30,31,32,33,34,35,36,37,38,39,40,41,42,43,44,45,46,47},e=471070996919723091939925213325780099600058142001750081703208
49^36=>{1,2,3,4,5,6,7,8,9,10,11,12,13,14,15,16,17,18,19,20,21,22,23,24,25,26,27,28,29,30,31,32,33,34,35,36,37,38,39,40,41,42,43,44,45,46,47,48},e=808303040953760095214630878373956173527084813155647756597737
50^36=>{1,2,3,4,5,6,7,8,9,10,11,12,13,14,15,16,17,18,19,20,21,22,23,24,25,26,27,28,29,30,31,32,33,34,35,36,37,38,39,40,41,42,43,44,45,46,47,48,49},e=1296865311553505341866154395420191142999501206709533225951335
51^36=>{1,2,3,4,5,6,7,8,9,10,11,12,13,14,15,16,17,18,19,20,21,22,23,24,25,26,27,28,29,30,31,32,33,34,35,36,37,38,39,40,41,42,43,44,45,46,47,48,49,50},e=1877302555989165140933175416458046068839021990918212276278136
52^36=>{1,2,3,4,5,6,7,8,9,10,11,12,13,14,15,16,17,18,19,20,21,22,23,24,25,26,27,28,29,30,31,32,33,34,35,36,37,38,39,40,41,42,43,44,45,46,47,48,49,50,51},e=2228845782108502879189448886908014026140531362834135748963670
53^36=>{1,2,3,4,5,6,7,8,9,10,11,12,13,14,15,16,17,18,19,20,21,22,23,24,25,26,27,28,29,30,31,32,33,34,35,36,37,38,39,40,41,42,43,44,45,46,47,48,49,50,51,52},e=1346808971167530781328288531364928312721542192887323378682119
54^36=>{43,44,45,46,47,49,50,51,52,53},e=-8072065629579493803758501612548306671543448268692545693062
55^36=>{36,37,41,42,44,46,47,49,51,52,53,54},e=-8393774431671106077353226652813255371154013757782378677
56^36=>{43,52,53,54,55},e=-12336240487535156679391371963542589075192540149672194446723
57^36=>{41,48,49,50,52,54,55,56},e=-2582500677827679546383155038292840780492841357010528275490
58^36=>{44,45,47,50,51,52,55,56,57},e=-33605883913686952719147767915542887049301722762712408916965
59^36=>{46,48,49,51,52,56,57,58},e=-58967340156455637766628704269507433276445018501851302731842
60^36=>{43,46,48,49,57,58,59},e=-11248208681049260634385338220121755992242715737509197060932
61^36=>{47,48,51,54,56,57,59,60},e=-59392208346408471511261634106896022533974636019700658555091
62^36=>{45,48,51,52,53,55,56,58,60,61},e=-19348747802782475920094871991649307610752054921180087074501
63^36=>{46,48,50,52,53,57,59,61,62},e=-131154835352424256581053920356330337049493949423170510906067
64^36=>{40,42,44,45,47,48,50,51,57,60,62,63},e=-1400685927554963501334194413147727462045576863957777032517
65^36=>{47,51,52,55,56,57,59,60,63,64},e=-144244479219215797945202290456143284717238456029610117668933
66^36=>{41,42,44,47,49,50,51,55,57,58,59,61,64,65},e=-918818654755979762426419409143900544155126418077511277305
67^36=>{30,32,33,34,35,37,38,39,40,41,44,47,49,51,54,56,57,58,59,62,65,66},e=-21887472387326203356931291182479327243701232859731162
68^36=>{36,38,40,42,44,53,54,58,62,63,64,65,67},e=-7333151130023241793433090445325681198321571254444291460
69^36=>{43,44,45,47,50,51,53,55,56,58,62,63,67,68},e=-9588361129538689370006798384768254118005960570752361242695
70^36=>{28,29,31,36,37,38,40,41,42,43,47,50,51,52,56,57,61,65,66,67,69},e=-2494310936483053726722760137155784316933564238011868
71^36=>{44,49,50,53,55,57,59,62,63,65,67,68,70},e=-30223290114796090290606360748497368530624145549847213813463
72^36=>{35,37,41,42,43,44,46,48,49,52,53,54,57,58,59,61,63,64,65,68,69,71},e=-889814374698393458490000938832719269527124097922103549
73^36=>{38,39,41,42,43,45,47,49,54,57,60,62,64,66,69,70,72},e=-33662639747464562075755025547544458700759922448260970103
74^36=>{32,33,36,37,38,41,45,48,50,53,56,57,59,60,61,63,64,66,70,71,73},e=-366034177992066036010436892177491071027060874984759931
75^36=>{35,37,38,39,40,41,44,47,50,51,53,54,58,59,60,61,62,63,66,71,72,74},e=-12378425229784946317419463135299029829886361407892606778
76^36=>{38,39,46,49,50,51,52,53,59,60,62,64,66,68,69,71,73,75},e=-161101522352434138648429487053294173768251054697990107129
77^36=>{41,43,46,49,50,52,53,54,56,59,61,63,65,68,70,72,74,76},e=-3486553767929506590217323683244609189462746832995672713079
78^36=>{32,33,34,37,39,40,41,44,45,46,48,50,51,52,54,58,59,60,62,63,64,66,67,68,70,73,75,77},e=-770079802975574801118354190791949169224394180526815676
79^36=>{35,37,39,41,43,46,48,49,50,51,52,53,55,56,58,66,67,69,72,73,74,75,76,77},e=-912945510055882654890179280839891273273403593636129149
80^36=>{33,34,36,38,41,43,44,45,46,49,51,52,53,56,57,58,59,61,63,64,69,70,75,77,79},e=-1355903524491564729445971796460968781596301013831847807
81^36=>{40,41,42,44,45,46,48,49,50,51,52,53,58,59,60,63,64,65,66,68,71,73,75,76,77,80},e=-490295176736970822374104327707211009811742788459146923
82^36=>{35,37,38,39,43,44,46,47,49,52,54,56,58,59,60,61,62,64,66,67,69,71,72,75,77,78,79,80},e=-6277583514907002805832854320571114003604354163771973438
83^36=>{35,38,39,40,43,44,47,48,51,52,54,55,56,57,59,61,63,64,66,67,74,75,78,79,80,81},e=-67564706434117703315703843833634435575032324396476525
84^36=>{27,28,29,30,31,34,35,36,37,39,40,43,45,46,47,50,53,55,63,65,66,76,79,80,81,82},e=-907489872160455042102644145709644088732433469456447
85^36=>{29,30,31,32,33,34,35,37,39,44,45,46,47,48,52,53,54,55,56,61,62,63,66,67,68,70,71,72,74,78,80,81,84},e=-9168832340473842169936577335805439603279205568383022
86^36=>{31,34,35,40,41,42,44,45,46,47,48,50,51,53,54,55,58,59,61,64,65,66,72,73,74,78,80,82,83,84},e=-14608412270252039108181355303157986014395852292557597
87^36=>{31,32,34,36,37,39,41,42,44,46,47,48,50,52,56,57,58,60,62,67,69,70,71,72,73,76,77,81,83,84,85},e=-134484528685786221045562359842040570098749933750783821
88^36=>{29,30,31,33,34,35,36,38,40,42,44,50,54,55,57,59,60,61,62,67,68,70,73,74,76,77,78,79,85,87},e=-10074683769929950577019007575580735736976089614140926
89^36=>{28,29,30,31,34,35,38,39,42,45,46,47,52,53,54,61,63,66,67,68,70,74,75,76,79,80,81,82,83,84,88},e=-1501932794384207064455113133161366913093765095563149
90^36=>{29,31,35,37,39,40,41,42,43,44,45,48,51,52,54,57,58,59,62,63,66,69,71,73,76,77,78,79,80,87,89},e=-1711925857800278538549635566007920903921150797556867
91^36=>{27,30,31,33,35,37,38,39,40,42,45,48,50,51,54,57,60,61,68,69,71,74,76,77,79,80,82,85,87,90},e=-1732997154087213138434647592981795636126550859177455
92^36=>{24,27,28,34,35,36,37,38,41,42,43,44,45,46,47,48,50,51,54,55,58,66,69,71,73,74,78,79,80,84,85,87,89,90},e=-12386490995490798292263590585150162587782677783536
93^36=>{28,33,34,35,38,39,40,41,44,46,47,48,49,52,56,58,59,60,63,64,65,66,68,73,77,83,85,86,89,92},e=-157773079164730942217130178720054783833282972380109
94^36=>{34,35,37,38,39,42,43,44,45,47,51,52,53,54,56,57,58,59,60,63,64,68,69,71,72,73,76,77,79,80,82,83,87,88,89,93},e=-337234081665370170831010935754450897955580567932516
95^36=>{24,27,28,31,32,33,35,37,41,42,44,45,47,52,53,56,57,63,68,70,72,73,74,75,77,79,81,82,84,85,88,91,94},e=-1667688110835773011522239489068203009481206995393
96^36=>{28,29,30,31,33,38,43,45,46,47,49,53,55,56,57,58,62,67,70,72,75,76,78,79,80,81,83,84,85,87,88,89,91,92,94},e=-275644007257367510381330411356868021605792033849987
97^36=>{25,26,28,33,34,35,37,38,41,42,44,47,48,55,57,58,59,63,68,71,76,79,83,87,90,93,96},e=-100388696359887923787395107484495881274618455795742
98^36=>{23,24,27,28,29,31,32,33,35,36,39,41,42,43,44,45,46,47,48,51,53,54,57,60,62,64,67,70,72,75,76,77,78,80,81,82,84,85,86,89,92,93,97},e=-5106565713668383409678139732078508094662915363350
99^36=>{23,24,25,32,33,34,35,36,38,40,44,47,50,51,52,54,55,57,62,63,65,67,69,70,71,77,80,83,84,86,87,88,90,92,94,95,97},e=-1346440953432574668711706852745457960269831523521
100^36=>{22,25,28,29,36,38,41,42,43,44,45,47,49,50,56,57,60,62,64,65,67,68,73,74,75,82,84,90,92,94,97,98},e=-1365939534663875028443192283117794364859904530205
101^36=>{25,26,29,31,32,33,35,36,37,39,40,41,44,46,48,52,53,54,55,56,57,58,59,61,62,67,72,76,77,79,82,84,87,89,90,92,93,96,97,99},e=-16071370892822527828970766798373399500499259930564
102^36=>{22,23,24,25,27,28,29,36,41,43,44,45,46,49,52,53,54,56,58,60,63,64,67,68,70,71,72,73,75,76,77,78,81,83,85,88,89,90,93,98,101},e=-872138468422487400240308052036204291701494583893
103^36=>{21,22,23,24,25,26,27,29,30,32,34,35,36,38,39,40,43,52,54,56,58,59,60,61,63,65,66,70,72,75,76,77,79,81,82,85,86,87,88,89,90,93,95,96,97,102},e=-175964677121260987327471932812016152531761915269
104^36=>{22,25,26,27,30,32,33,34,36,38,39,40,42,46,48,50,51,53,56,58,59,60,62,65,72,73,74,76,77,80,81,83,85,86,88,89,91,93,95,97,101,102},e=-664765447979487316781266574456986621792823082547
105^36=>{24,28,29,30,31,34,36,38,40,42,45,46,47,48,49,50,51,52,54,55,56,57,58,60,61,62,63,64,65,68,69,70,71,72,74,75,78,79,80,81,83,84,85,89,90,92,94,96,97,99,101,103},e=-3180792783312817155868110909472862927039895141110
106^36=>{23,24,28,29,30,31,34,39,41,44,45,47,48,50,51,53,55,57,59,61,64,65,66,67,68,71,72,73,76,78,79,83,84,85,86,87,88,90,91,93,94,97,98,99,101,102,103},e=-5151426671620494366187826202705437963822099586219
107^36=>{23,26,27,29,34,35,36,40,41,43,45,47,51,53,55,56,57,60,61,62,64,66,68,69,70,71,72,73,76,77,78,80,82,83,84,88,97,98,99,104,105},e=-1405474653017638059576869585328833870363689072452
108^36=>{22,24,26,27,28,29,35,36,40,41,42,43,46,48,49,50,51,53,56,57,59,60,65,68,69,70,71,73,79,81,82,86,89,91,92,94,95,96,97,98,99,100,101,107},e=-169663690486321531985561018144065033599136840055
109^36=>{24,25,27,31,32,33,34,35,36,38,39,40,44,45,46,48,51,52,53,54,57,59,63,64,65,67,70,75,76,78,79,81,83,84,86,87,90,91,92,93,94,98,100,102,103,104,107},e=-50117879205347149901924472667691122709720493222
110^36=>{20,21,22,27,28,29,30,31,34,37,38,39,42,43,44,45,46,47,49,50,58,60,61,66,67,70,71,72,73,75,76,77,81,83,84,86,88,89,91,92,96,98,102,105,109},e=-14156678565414259976407460689864690781738150342
111^36=>{22,25,27,32,35,37,42,43,44,45,47,49,52,53,56,57,58,60,62,63,64,69,78,79,82,87,92,96,101,102,106,110},e=-100594661026198499787205996871074456198440036846
112^36=>{21,22,23,24,25,26,27,30,31,35,36,37,39,41,43,45,46,47,52,55,56,57,58,60,61,62,63,64,69,70,71,72,75,77,78,79,80,81,82,83,86,87,89,92,94,95,96,97,98,99,100,101,103,104,105,106,107,109},e=-32734838837518607189234579791798298720236705265
113^36=>{19,20,21,24,25,28,30,34,35,36,37,38,41,42,44,45,46,48,49,52,55,59,60,61,63,64,65,68,69,71,73,74,77,79,81,82,83,87,89,91,95,98,99,102,103,108,112},e=-1784254707305031069564444538920282632860161337
114^36=>{20,21,23,24,28,30,31,34,37,38,42,45,46,48,50,51,52,53,55,57,58,60,61,62,63,64,66,67,70,73,75,77,79,83,84,85,86,87,93,98,100,101,107,108,113},e=-9241124778289819011722853957444253348720537079
