2^37=>{1},e=137438953471
3^37=>{2,1},e=450283768452043890
4^37=>{3,2,1},e=18889015647435250903948
5^37=>{4,3,2,1},e=72740686225618737122397505
6^37=>{5,4,3,2,1},e=61813770324885163496087685591
7^37=>{6,5,4,3,2,1},e=18500156593760573039395187968126
8^37=>{7,6,5,4,3,2,1},e=2577524354019139238699737025235760
9^37=>{8,7,6,5,4,3,2,1},e=200140823399936881316730571568969433
10^37=>{9,8,7,6,5,4,3,2,1},e=9794629631591031741903607909823061895
11^37=>{10,9,8,7,6,5,4,3,2,1},e=329834115493168430734310490215585048866
12^37=>{11,10,9,8,7,6,5,4,3,2,1},e=8155377643591115777325628409718891009516
13^37=>{12,11,10,9,8,7,6,5,4,3,2,1},e=155544973829443424883676723093988164478665
14^37=>{13,12,11,10,9,8,7,6,5,4,3,2,1},e=2377901077869059219541833224255209876882703
15^37=>{14,13,12,11,10,9,8,7,6,5,4,3,2,1},e=30038051641166404072267773354568809537080670
16^37=>{15,14,13,12,11,10,9,8,7,6,5,4,3,2,1},e=321325042545419265345590732587250515996048576
17^37=>{16,15,14,13,12,11,10,9,8,7,6,5,4,3,2,1},e=2969797049394252067098922982857736823028922641
18^37=>{17,16,15,14,13,12,11,10,9,8,7,6,5,4,3,2,1},e=24112122254690317068064891959829559273378463855
19^37=>{18,17,16,15,14,13,12,11,10,9,8,7,6,5,4,3,2,1},e=174386684952505346192211611318340818762131486258
20^37=>{19,18,17,16,15,14,13,12,11,10,9,8,7,6,5,4,3,2,1},e=1136761026630076526001794494813469138981433297580
21^37=>{20,19,18,17,16,15,14,13,12,11,10,9,8,7,6,5,4,3,2,1},e=6746204015707337793865031092431026424369269324721
22^37=>{21,20,19,18,17,16,15,14,13,12,11,10,9,8,7,6,5,4,3,2,1},e=36764430974644953230782747075710113658407136483751
23^37=>{22,21,20,19,18,17,16,15,14,13,12,11,10,9,8,7,6,5,4,3,2,1},e=185358936724706526539670804794075846503244743388830
24^37=>{23,22,21,20,19,18,17,16,15,14,13,12,11,10,9,8,7,6,5,4,3,2,1},e=870235095924003614003476312338090686479898064028848
25^37=>{24,23,22,21,20,19,18,17,16,15,14,13,12,11,10,9,8,7,6,5,4,3,2,1},e=3826183306256763161236175182196246723529930191187625
26^37=>{25,24,23,22,21,20,19,18,17,16,15,14,13,12,11,10,9,8,7,6,5,4,3,2,1},e=15833351028028850670758010685097879630304313992698551
27^37=>{26,25,24,23,22,21,20,19,18,17,16,15,14,13,12,11,10,9,8,7,6,5,4,3,2,1},e=61940773568240778434122256916894076360830997550525346
28^37=>{27,26,25,24,23,22,21,20,19,18,17,16,15,14,13,12,11,10,9,8,7,6,5,4,3,2,1},e=229974066544231185858420708438898832936718816739707340
