3^37=>{1,2},e=450283768452043890
4^37=>{1,2,3},e=18889015647435250903948
5^37=>{1,2,3,4},e=72740686225618737122397505
6^37=>{1,2,3,4,5},e=61813770324885163496087685591
7^37=>{1,2,3,4,5,6},e=18500156593760573039395187968126
8^37=>{1,2,3,4,5,6,7},e=2577524354019139238699737025235760
9^37=>{1,2,3,4,5,6,7,8},e=200140823399936881316730571568969433
10^37=>{1,2,3,4,5,6,7,8,9},e=9794629631591031741903607909823061895
11^37=>{1,2,3,4,5,6,7,8,9,10},e=329834115493168430734310490215585048866
12^37=>{1,2,3,4,5,6,7,8,9,10,11},e=8155377643591115777325628409718891009516
13^37=>{1,2,3,4,5,6,7,8,9,10,11,12},e=155544973829443424883676723093988164478665
14^37=>{1,2,3,4,5,6,7,8,9,10,11,12,13},e=2377901077869059219541833224255209876882703
15^37=>{1,2,3,4,5,6,7,8,9,10,11,12,13,14},e=30038051641166404072267773354568809537080670
16^37=>{1,2,3,4,5,6,7,8,9,10,11,12,13,14,15},e=321325042545419265345590732587250515996048576
17^37=>{1,2,3,4,5,6,7,8,9,10,11,12,13,14,15,16},e=2969797049394252067098922982857736823028922641
18^37=>{1,2,3,4,5,6,7,8,9,10,11,12,13,14,15,16,17},e=24112122254690317068064891959829559273378463855
19^37=>{1,2,3,4,5,6,7,8,9,10,11,12,13,14,15,16,17,18},e=174386684952505346192211611318340818762131486258
20^37=>{1,2,3,4,5,6,7,8,9,10,11,12,13,14,15,16,17,18,19},e=1136761026630076526001794494813469138981433297580
21^37=>{1,2,3,4,5,6,7,8,9,10,11,12,13,14,15,16,17,18,19,20},e=6746204015707337793865031092431026424369269324721
22^37=>{1,2,3,4,5,6,7,8,9,10,11,12,13,14,15,16,17,18,19,20,21},e=36764430974644953230782747075710113658407136483751
23^37=>{1,2,3,4,5,6,7,8,9,10,11,12,13,14,15,16,17,18,19,20,21,22},e=185358936724706526539670804794075846503244743388830
24^37=>{1,2,3,4,5,6,7,8,9,10,11,12,13,14,15,16,17,18,19,20,21,22,23},e=870235095924003614003476312338090686479898064028848
25^37=>{1,2,3,4,5,6,7,8,9,10,11,12,13,14,15,16,17,18,19,20,21,22,23,24},e=3826183306256763161236175182196246723529930191187625
26^37=>{1,2,3,4,5,6,7,8,9,10,11,12,13,14,15,16,17,18,19,20,21,22,23,24,25},e=15833351028028850670758010685097879630304313992698551
27^37=>{1,2,3,4,5,6,7,8,9,10,11,12,13,14,15,16,17,18,19,20,21,22,23,24,25,26},e=61940773568240778434122256916894076360830997550525346
28^37=>{1,2,3,4,5,6,7,8,9,10,11,12,13,14,15,16,17,18,19,20,21,22,23,24,25,26,27},e=229974066544231185858420708438898832936718816739707340
29^37=>{1,2,3,4,5,6,7,8,9,10,11,12,13,14,15,16,17,18,19,20,21,22,23,24,25,26,27,28},e=813192941660320646800287543270000550147502255675540473
30^37=>{1,2,3,4,5,6,7,8,9,10,11,12,13,14,15,16,17,18,19,20,21,22,23,24,25,26,27,28,29},e=2747080425113244835146432229483053996659502171447857055
31^37=>{1,2,3,4,5,6,7,8,9,10,11,12,13,14,15,16,17,18,19,20,21,22,23,24,25,26,27,28,29,30},e=8890357179940144680644941563550185809986820979627797566
32^37=>{1,2,3,4,5,6,7,8,9,10,11,12,13,14,15,16,17,18,19,20,21,22,23,24,25,26,27,28,29,30,31},e=27632304742354893937115027764225816059131835273143186176
33^37=>{1,2,3,4,5,6,7,8,9,10,11,12,13,14,15,16,17,18,19,20,21,22,23,24,25,26,27,28,29,30,31,32},e=82666897977855652898766099862753328958878823305194004385
34^37=>{1,2,3,4,5,6,7,8,9,10,11,12,13,14,15,16,17,18,19,20,21,22,23,24,25,26,27,28,29,30,31,32,33},e=238521217812628444818213377093960942374889828415312332383
35^37=>{1,2,3,4,5,6,7,8,9,10,11,12,13,14,15,16,17,18,19,20,21,22,23,24,25,26,27,28,29,30,31,32,33,34},e=664927033448244429933916076218504239441987331421415168370
36^37=>{1,2,3,4,5,6,7,8,9,10,11,12,13,14,15,16,17,18,19,20,21,22,23,24,25,26,27,28,29,30,31,32,33,34,35},e=1793728581284375017929724441443838961079020772829259805516
37^37=>{1,2,3,4,5,6,7,8,9,10,11,12,13,14,15,16,17,18,19,20,21,22,23,24,25,26,27,28,29,30,31,32,33,34,35,36},e=4688973694554568645852684273262811557914331250849590286241
38^37=>{1,2,3,4,5,6,7,8,9,10,11,12,13,14,15,16,17,18,19,20,21,22,23,24,25,26,27,28,29,30,31,32,33,34,35,36,37},e=11892172256156738187707320229063876695014469842804350996215
39^37=>{1,2,3,4,5,6,7,8,9,10,11,12,13,14,15,16,17,18,19,20,21,22,23,24,25,26,27,28,29,30,31,32,33,34,35,36,37,38},e=29292288210611280266744194764332497430645242920546521622078
40^37=>{1,2,3,4,5,6,7,8,9,10,11,12,13,14,15,16,17,18,19,20,21,22,23,24,25,26,27,28,29,30,31,32,33,34,35,36,37,38,39},e=70132841723857059176465261182624331841963973730281541990320
41^37=>{1,2,3,4,5,6,7,8,9,10,11,12,13,14,15,16,17,18,19,20,21,22,23,24,25,26,27,28,29,30,31,32,33,34,35,36,37,38,39,40},e=163323776071346134302597099113484817207106082408846712337401
42^37=>{1,2,3,4,5,6,7,8,9,10,11,12,13,14,15,16,17,18,19,20,21,22,23,24,25,26,27,28,29,30,31,32,33,34,35,36,37,38,39,40,41},e=370108562726422682561696526851050888273535286260713599826791
43^37=>{1,2,3,4,5,6,7,8,9,10,11,12,13,14,15,16,17,18,19,20,21,22,23,24,25,26,27,28,29,30,31,32,33,34,35,36,37,38,39,40,41,42},e=816294180344366635154857614769095593633336075336739975655330
44^37=>{1,2,3,4,5,6,7,8,9,10,11,12,13,14,15,16,17,18,19,20,21,22,23,24,25,26,27,28,29,30,31,32,33,34,35,36,37,38,39,40,41,42,43},e=1752106058211445847148252149852837299669867253922733762283308
45^37=>{1,2,3,4,5,6,7,8,9,10,11,12,13,14,15,16,17,18,19,20,21,22,23,24,25,26,27,28,29,30,31,32,33,34,35,36,37,38,39,40,41,42,43,44},e=3658188709524923345070465171771705362783228527287876971572905
46^37=>{1,2,3,4,5,6,7,8,9,10,11,12,13,14,15,16,17,18,19,20,21,22,23,24,25,26,27,28,29,30,31,32,33,34,35,36,37,38,39,40,41,42,43,44,45},e=7422368201795999688380203726110929105011351148232498252439471
47^37=>{1,2,3,4,5,6,7,8,9,10,11,12,13,14,15,16,17,18,19,20,21,22,23,24,25,26,27,28,29,30,31,32,33,34,35,36,37,38,39,40,41,42,43,44,45,46},e=14610376515853064023268790024993482717547887600931752900615326
48^37=>{1,2,3,4,5,6,7,8,9,10,11,12,13,14,15,16,17,18,19,20,21,22,23,24,25,26,27,28,29,30,31,32,33,34,35,36,37,38,39,40,41,42,43,44,45,46,47},e=27825018607899059070301494863737822067650014129308875760460480
49^37=>{1,2,3,4,5,6,7,8,9,10,11,12,13,14,15,16,17,18,19,20,21,22,23,24,25,26,27,28,29,30,31,32,33,34,35,36,37,38,39,40,41,42,43,44,45,46,47,48},e=51043833200416388507481917527527156131411086147919021420721073
50^37=>{1,2,3,4,5,6,7,8,9,10,11,12,13,14,15,16,17,18,19,20,21,22,23,24,25,26,27,28,29,30,31,32,33,34,35,36,37,38,39,40,41,42,43,44,45,46,47,48,49},e=89535299688170757400047194862792669635559489432059409419047375
51^37=>{1,2,3,4,5,6,7,8,9,10,11,12,13,14,15,16,17,18,19,20,21,22,23,24,25,26,27,28,29,30,31,32,33,34,35,36,37,38,39,40,41,42,43,44,45,46,47,48,49,50},e=148241429611123110765746516935723270853375049426702040985714226
52^37=>{1,2,3,4,5,6,7,8,9,10,11,12,13,14,15,16,17,18,19,20,21,22,23,24,25,26,27,28,29,30,31,32,33,34,35,36,37,38,39,40,41,42,43,44,45,46,47,48,49,50,51},e=225890212771667399979769279441197314484732578334747419666015596
53^37=>{1,2,3,4,5,6,7,8,9,10,11,12,13,14,15,16,17,18,19,20,21,22,23,24,25,26,27,28,29,30,31,32,33,34,35,36,37,38,39,40,41,42,43,44,45,46,47,48,49,50,51,52},e=298582419048712007919033411622465127291487254208232927187771665
54^37=>{1,2,3,4,5,6,7,8,9,10,11,12,13,14,15,16,17,18,19,20,21,22,23,24,25,26,27,28,29,30,31,32,33,34,35,36,37,38,39,40,41,42,43,44,45,46,47,48,49,50,51,52,53},e=279265730353015266381855997997447818977415988225224927956871623
55^37=>{41,43,44,45,46,48,49,50,51,52,53,54},e=-111150085023669122940743065873430641217594255283206189534051
56^37=>{51,52,53,54,55},e=-1886974199995052326182943173093910647218395031244605002476959
57^37=>{35,36,40,42,43,46,47,48,50,53,54,55,56},e=-151057660166353873464464723895316815631674371901484737248
58^37=>{51,52,53,55,56,57},e=-58956259338992306223793608416726804581042714277401862479564856
59^37=>{43,45,50,51,54,56,57,58},e=-277300098909380152524959437511503624204178319487822873098025
60^37=>{46,47,51,52,54,57,58,59},e=-3083757634267800076085464370955761644058054496217233373314934
61^37=>{42,46,48,49,54,58,59,60},e=-209043499515313038941270589590198061187431472919695894752175
62^37=>{49,51,52,56,57,58,60,61},e=-47044363541548089008248528828213836932170818646482903831034042
63^37=>{48,50,53,55,58,59,61,62},e=-14331513911603570991405845502641461391268913929983931630281813
64^37=>{53,57,58,60,62,63},e=-90693440311622203423532995364591688636240229634058645241988989
65^37=>{56,57,58,61,63,64},e=-98186039857405946488021721293960497724404735492838813098900324
66^37=>{41,42,48,49,50,52,53,55,56,58,62,64,65},e=-63830351061855435023695463586837992551694044297069054113719
67^37=>{46,47,48,49,53,56,57,59,61,62,65,66},e=-973615481112567664661669481286447201971275426126237391904772
68^37=>{41,42,43,45,48,49,53,54,56,57,59,60,61,62,63,64,65,67},e=-88278811374005497146920380404296934971760534185477770045371
69^37=>{46,47,50,51,52,53,57,58,60,61,64,67,68},e=-3710221432514874044883574608438279098963216591493642940590875
70^37=>{26,27,29,31,33,37,42,44,45,47,49,54,61,65,68,69},e=-558414970561527523811351304828611295979626405488397
71^37=>{44,45,46,48,53,55,56,59,64,65,69,70},e=-548889895244385745767524653734294343682831641526932249107603
72^37=>{42,43,45,46,48,49,50,55,56,57,58,59,60,62,63,65,66,68,69,71},e=-95262545201496936037688207636020663022213263271092348219840
73^37=>{34,36,38,45,46,47,48,53,63,65,66,71,72},e=-83839638280682985231095974718478253557631058459854534031
74^37=>{40,42,44,46,48,49,52,53,55,56,57,58,60,61,62,64,68,70,71,73},e=-54935304642456364827619786102357595197840636266159221705315
75^37=>{35,40,42,43,45,46,48,49,51,53,56,58,61,63,64,67,68,69,70,72,74},e=-19360355077026600012544969121946210816313961996942168989
76^37=>{37,43,44,48,51,55,57,58,59,60,61,62,63,65,67,74,75},e=-76978839784819286937658386084533228146308459276966747273
77^37=>{40,43,44,45,46,48,50,51,52,54,55,57,59,61,64,66,68,73,74,76},e=-17867577796382518220163744029428887261588940709698586102639
78^37=>{38,39,42,43,45,48,49,54,55,59,60,62,63,66,74,75,77},e=-6376355775782659100338346980052079407128758928757191312201
79^37=>{38,39,41,45,48,49,51,54,58,60,61,62,63,64,66,67,70,72,74,76,78},e=-11552159847016024945947761004843288420663909971409212856977
80^37=>{30,34,36,38,39,40,43,44,45,48,50,51,52,56,57,58,60,62,65,67,69,70,72,73,74,75,76,77,78},e=-92771876135861251188584461416807937277284456154848709
81^37=>{37,38,40,42,43,45,46,48,50,51,53,54,57,58,59,62,64,65,68,70,71,72,74,75,76,77,80},e=-949284775255275112829366562516382184271917821963121995464
82^37=>{34,35,38,39,41,42,43,45,49,52,53,54,55,56,59,63,64,65,67,69,73,75,76,79,81},e=-28059241567783369828911455644355227119385738216314770975
83^37=>{29,30,31,34,35,38,39,40,46,47,48,51,54,57,59,60,61,62,63,65,67,74,77,78,79,80,81},e=-485107411797948095897947724670461524514448421189156822
84^37=>{31,32,40,41,43,45,48,49,50,51,52,55,56,58,66,70,73,75,77,79,80,81,82},e=-6065848703831650550112214918765321701140122732756224140
85^37=>{33,34,36,38,41,44,47,48,50,52,53,54,57,60,62,64,68,69,70,72,73,74,75,76,78,80,81,84},e=-48936183474205724504337668231655460709948098555384727068
86^37=>{30,42,43,45,46,52,56,60,61,65,67,68,69,72,73,75,77,79,81,82,85},e=-303992851620152332160388822392105291961907444482784692
87^37=>{33,34,35,37,38,39,40,41,42,43,44,45,46,49,50,51,52,55,58,59,60,63,65,66,69,70,71,72,73,74,75,76,82,83,84,85},e=-14476058857304358401828918024372221122433147803648483832
88^37=>{28,29,30,35,36,38,39,40,41,42,43,44,47,50,51,54,56,57,58,59,61,64,65,68,70,72,73,75,81,83,84,87},e=-3998439158472502028348287564151280686586449845825822
89^37=>{30,31,32,33,36,38,41,42,46,47,48,49,51,55,57,59,60,63,64,68,73,75,76,77,78,79,81,86,88},e=-821720453311834620458887251859444221143095922062469774
90^37=>{32,33,34,36,37,40,41,42,48,49,52,53,59,60,66,70,71,72,76,78,79,84,86,87,88},e=-12112681595984585368085760099310817713581466277975471373
91^37=>{31,33,34,37,38,39,41,44,45,46,54,55,60,61,63,66,67,68,69,70,71,72,73,74,75,79,80,84,85,86,88,89},e=-5512165933633447156848852736013137293783174075989578106
92^37=>{29,32,33,38,41,42,44,47,50,51,52,54,58,61,62,65,70,72,73,74,75,76,77,78,82,84,86,87,89,90},e=-525800643659442450043230752067431275275980260487748040
93^37=>{28,29,36,39,40,45,46,48,53,55,56,58,59,63,64,65,67,70,75,76,77,79,81,83,84,87,89,92},e=-77050781522421338393410805457173211281875107512849161
94^37=>{28,29,31,32,34,35,37,39,41,43,45,48,49,52,55,56,57,58,59,60,62,63,68,69,70,71,75,76,77,78,79,80,81,84,85,87,88,89,93},e=-8979844068153155242957087047112790149203288821337469
95^37=>{28,29,30,31,32,34,35,39,41,42,49,50,52,53,54,56,57,58,60,61,62,64,65,67,68,69,70,73,75,76,78,79,82,85,87,88,91,94},e=-171089324866350937597207647867809823324555218963566959
96^37=>{27,28,32,33,35,36,37,41,45,47,49,50,51,52,53,54,55,56,57,58,59,60,62,63,65,67,72,77,80,81,82,84,88,89,92,95},e=-50117978681524656482779408100118277544965962918204246
97^37=>{25,26,27,30,33,34,35,36,37,38,41,42,44,45,46,47,49,53,54,55,56,59,60,62,63,65,66,69,72,73,74,76,78,79,80,81,87,90,92,94,95},e=-1665814069929679703170616439386322638568843729836301
98^37=>{27,28,30,31,33,34,36,37,40,43,49,51,55,56,58,60,69,70,71,74,75,76,77,78,80,81,82,83,84,85,87,88,89,93,95,96},e=-44053075035599248944784333778359687070415815415547663
99^37=>{25,31,32,35,41,43,44,49,50,52,55,56,59,60,61,62,65,69,70,71,73,75,76,79,81,84,85,86,88,89,92,93,96,97},e=-46432004395262126413482049943336437656579185151625
100^37=>{31,32,33,35,37,41,42,44,51,52,55,57,58,63,64,65,66,72,73,75,77,78,80,82,86,87,88,89,93,94,97,98},e=-14183021614563700837439408662391215197571162566536355
101^37=>{25,26,28,29,31,32,35,37,40,41,42,43,45,48,49,50,51,52,53,54,57,59,64,65,68,69,70,71,73,74,79,80,81,82,85,86,87,88,91,93,97,100},e=-539223769507617853143034353079222361904355708565969
102^37=>{22,23,24,25,27,29,32,33,34,36,38,40,42,43,45,46,47,49,51,52,53,57,60,61,63,66,67,71,72,74,76,77,79,81,82,83,84,85,87,95,98,101},e=-7581773742144037619947609597241974436288389661368
103^37=>{28,30,31,32,33,35,38,40,41,42,43,44,45,47,55,56,58,60,66,67,68,73,78,81,83,84,85,87,90,91,92,93,94,96,97,98,99,100},e=-2133637442879668859273242056261138144082546237662667
104^37=>{26,28,29,30,31,33,36,37,38,40,41,42,45,47,48,49,50,51,52,53,55,57,58,59,60,62,63,64,67,69,70,72,76,80,81,83,85,87,88,90,92,94,95,97,98,99,100,101},e=-1178622894661420447266798032300544812127309668080074
105^37=>{23,24,25,27,28,30,33,35,36,37,41,44,47,48,49,51,52,53,55,57,58,59,60,61,63,65,67,69,73,77,78,81,82,85,87,88,89,91,92,93,95,99,102,103},e=-89564057181357280784392794403501432586439492439257
106^37=>{25,27,28,31,32,34,35,36,37,41,43,45,46,47,49,53,58,59,62,63,64,66,67,70,71,72,74,75,77,78,82,83,87,90,93,97,99,101,105},e=-132467724676723461075761154011462672545470501784006
107^37=>{26,27,32,33,34,37,38,39,40,41,42,44,45,46,47,49,51,52,53,58,60,61,64,65,66,69,71,74,77,78,80,81,82,86,89,90,91,92,93,94,95,96,97,98,99,101,106},e=-22781877215074040261553495575251903741206750372972
108^37=>{24,28,29,30,31,33,34,37,38,40,41,43,44,46,48,49,53,55,56,57,59,62,63,64,66,68,70,72,73,74,76,78,79,83,84,85,86,87,88,89,92,93,95,97,98,100,101,102,103,106},e=-14018893011981522836914641517775899409391850453071
109^37=>{23,24,25,28,29,30,35,37,38,40,41,43,47,49,50,53,54,55,58,60,62,64,68,69,70,72,75,79,80,83,84,85,86,88,90,91,92,96,97,102,104,108},e=-39041989492084018685925277949028465059359777568795
110^37=>{23,28,34,36,40,46,49,51,52,54,55,56,58,59,60,63,64,68,73,74,75,76,77,79,80,83,84,86,88,91,92,93,94,95,96,97,100,101,102,104,109},e=-79890084567139559787215766697513917509862327888585
111^37=>{19,21,22,23,24,27,29,32,33,40,41,43,47,48,49,50,55,56,57,59,60,61,62,63,66,67,73,76,77,78,79,81,83,84,85,89,90,95,103,104,105,110},e=-21364813150332346803367502758625328455729003965
112^37=>{22,23,26,27,28,29,34,35,36,40,42,43,44,57,58,61,62,63,65,70,73,74,75,76,77,81,82,84,85,87,89,92,93,94,96,101,102,105,106,111},e=-4915755395942318253593859283044529071752446193956
113^37=>{24,26,28,29,30,34,38,40,43,47,48,49,51,52,54,58,62,63,64,65,67,70,72,73,76,78,81,82,83,84,85,89,92,94,99,100,106,110,111},e=-109122934026809520974473345096225018081615996178474
114^37=>{22,25,26,27,29,31,32,34,35,36,37,38,39,40,43,44,45,49,52,55,58,61,62,63,65,66,67,68,69,73,77,78,79,81,82,83,85,87,89,90,92,94,96,97,98,99,100,101,102,103,104,105,108,109,112},e=-2551818560191154635859250155906621275291673546248
115^37=>{20,22,23,25,28,31,32,33,36,39,40,42,43,44,45,47,48,49,51,52,55,56,58,60,61,62,63,65,66,67,69,71,72,75,76,78,83,84,85,87,90,91,92,94,95,96,97,98,101,102,103,104,107,109,114},e=-52664013407833244830938039188187162941107742171
116^37=>{21,22,24,26,27,29,30,32,35,37,38,39,42,44,47,49,53,54,56,58,60,63,64,65,68,70,71,74,76,80,84,85,86,87,88,90,91,92,94,95,96,97,98,99,101,102,103,104,105,106,108,109,110,111,113},e=-669929751326504493499695933468952984391389391412
