2^38=>{1},e=274877906943
3^38=>{2,1},e=1350851442795085144
4^38=>{3,2,1},e=75556512873921772520102
5^38=>{4,3,2,1},e=363722321494593388291697455
6^38=>{5,4,3,2,1},e=370955419305735530460149832221
7^38=>{6,5,4,3,2,1},e=129563128280937437088307915198638
8^38=>{7,6,5,4,3,2,1},e=20638880939526001910975948940682124
9^38=>{8,7,6,5,4,3,2,1},e=1803900869211320508241783956163505277
10^38=>{9,8,7,6,5,4,3,2,1},e=98154300142931174253523680000450337435
11^38=>{10,9,8,7,6,5,4,3,2,1},e=3638588644620282563169999385363832194116
12^38=>{11,10,9,8,7,6,5,4,3,2,1},e=98225189953518805520250628184015027695858
13^38=>{12,11,10,9,8,7,6,5,4,3,2,1},e=2031301185369241028191967122447745242663979
14^38=>{13,12,11,10,9,8,7,6,5,4,3,2,1},e=33473088324294851180197164854809847082997177
15^38=>{14,13,12,11,10,9,8,7,6,5,4,3,2,1},e=453477662346576233613984593244046281144128090
16^38=>{15,14,13,12,11,10,9,8,7,6,5,4,3,2,1},e=5179594449086859122978400474096645662124333336
17^38=>{16,15,14,13,12,11,10,9,8,7,6,5,4,3,2,1},e=50917242411869996693314191713419660449874565753
18^38=>{17,16,15,14,13,12,11,10,9,8,7,6,5,4,3,2,1},e=438203287813602792195266583768902932306614802359
19^38=>{18,17,16,15,14,13,12,11,10,9,8,7,6,5,4,3,2,1},e=3349153012895487726525116090474541442994518299952
20^38=>{19,18,17,16,15,14,13,12,11,10,9,8,7,6,5,4,3,2,1},e=23008655039489340142907190876881979527161252715070
21^38=>{20,19,18,17,16,15,14,13,12,11,10,9,8,7,6,5,4,3,2,1},e=143555736879551826768035159426850682520305809285031
22^38=>{21,20,19,18,17,16,15,14,13,12,11,10,9,8,7,6,5,4,3,2,1},e=820673174093213888915951384254225716239914558837973
23^38=>{22,21,20,19,18,17,16,15,14,13,12,11,10,9,8,7,6,5,4,3,2,1},e=4331816148496574350965665090133665975280806596081414
24^38=>{23,22,21,20,19,18,17,16,15,14,13,12,11,10,9,8,7,6,5,4,3,2,1},e=21252971665083716148605350143340810407629415662105252
25^38=>{24,23,22,21,20,19,18,17,16,15,14,13,12,11,10,9,8,7,6,5,4,3,2,1},e=97489684633409322401367138649184317559651384223681525
26^38=>{25,24,23,22,21,20,19,18,17,16,15,14,13,12,11,10,9,8,7,6,5,4,3,2,1},e=420263957240162351887288892983122297661427758082496851
27^38=>{26,25,24,23,22,21,20,19,18,17,16,15,14,13,12,11,10,9,8,7,6,5,4,3,2,1},e=1710354524950786084993875274764413924250481771785904668
28^38=>{27,26,25,24,23,22,21,20,19,18,17,16,15,14,13,12,11,10,9,8,7,6,5,4,3,2,1},e=6597881891608744715392463876889728131566061191482822794
