3^38=>{1,2},e=1350851442795085144
4^38=>{1,2,3},e=75556512873921772520102
5^38=>{1,2,3,4},e=363722321494593388291697455
6^38=>{1,2,3,4,5},e=370955419305735530460149832221
7^38=>{1,2,3,4,5,6},e=129563128280937437088307915198638
8^38=>{1,2,3,4,5,6,7},e=20638880939526001910975948940682124
9^38=>{1,2,3,4,5,6,7,8},e=1803900869211320508241783956163505277
10^38=>{1,2,3,4,5,6,7,8,9},e=98154300142931174253523680000450337435
11^38=>{1,2,3,4,5,6,7,8,9,10},e=3638588644620282563169999385363832194116
12^38=>{1,2,3,4,5,6,7,8,9,10,11},e=98225189953518805520250628184015027695858
13^38=>{1,2,3,4,5,6,7,8,9,10,11,12},e=2031301185369241028191967122447745242663979
14^38=>{1,2,3,4,5,6,7,8,9,10,11,12,13},e=33473088324294851180197164854809847082997177
15^38=>{1,2,3,4,5,6,7,8,9,10,11,12,13,14},e=453477662346576233613984593244046281144128090
16^38=>{1,2,3,4,5,6,7,8,9,10,11,12,13,14,15},e=5179594449086859122978400474096645662124333336
17^38=>{1,2,3,4,5,6,7,8,9,10,11,12,13,14,15,16},e=50917242411869996693314191713419660449874565753
18^38=>{1,2,3,4,5,6,7,8,9,10,11,12,13,14,15,16,17},e=438203287813602792195266583768902932306614802359
19^38=>{1,2,3,4,5,6,7,8,9,10,11,12,13,14,15,16,17,18},e=3349153012895487726525116090474541442994518299952
20^38=>{1,2,3,4,5,6,7,8,9,10,11,12,13,14,15,16,17,18,19},e=23008655039489340142907190876881979527161252715070
21^38=>{1,2,3,4,5,6,7,8,9,10,11,12,13,14,15,16,17,18,19,20},e=143555736879551826768035159426850682520305809285031
22^38=>{1,2,3,4,5,6,7,8,9,10,11,12,13,14,15,16,17,18,19,20,21},e=820673174093213888915951384254225716239914558837973
23^38=>{1,2,3,4,5,6,7,8,9,10,11,12,13,14,15,16,17,18,19,20,21,22},e=4331816148496574350965665090133665975280806596081414
24^38=>{1,2,3,4,5,6,7,8,9,10,11,12,13,14,15,16,17,18,19,20,21,22,23},e=21252971665083716148605350143340810407629415662105252
25^38=>{1,2,3,4,5,6,7,8,9,10,11,12,13,14,15,16,17,18,19,20,21,22,23,24},e=97489684633409322401367138649184317559651384223681525
26^38=>{1,2,3,4,5,6,7,8,9,10,11,12,13,14,15,16,17,18,19,20,21,22,23,24,25},e=420263957240162351887288892983122297661427758082496851
27^38=>{1,2,3,4,5,6,7,8,9,10,11,12,13,14,15,16,17,18,19,20,21,22,23,24,25,26},e=1710354524950786084993875274764413924250481771785904668
28^38=>{1,2,3,4,5,6,7,8,9,10,11,12,13,14,15,16,17,18,19,20,21,22,23,24,25,26,27},e=6597881891608744715392463876889728131566061191482822794
29^38=>{1,2,3,4,5,6,7,8,9,10,11,12,13,14,15,16,17,18,19,20,21,22,23,24,25,26,27,28},e=24212486182587774342591662909054049490211997523799992227
30^38=>{1,2,3,4,5,6,7,8,9,10,11,12,13,14,15,16,17,18,19,20,21,22,23,24,25,26,27,28,29},e=84798062261632549434629858809232599439059995081197173105
31^38=>{1,2,3,4,5,6,7,8,9,10,11,12,13,14,15,16,17,18,19,20,21,22,23,24,25,26,27,28,29,30},e=284245319779086391905083648165313685652206878134775328946
32^38=>{1,2,3,4,5,6,7,8,9,10,11,12,13,14,15,16,17,18,19,20,21,22,23,24,25,26,27,28,29,30,31},e=914285551521652062323123425255068117251501973143627645488
33^38=>{1,2,3,4,5,6,7,8,9,10,11,12,13,14,15,16,17,18,19,20,21,22,23,24,25,26,27,28,29,30,31,32},e=2828506842908593994992543014244095830694751882021055185649
34^38=>{1,2,3,4,5,6,7,8,9,10,11,12,13,14,15,16,17,18,19,20,21,22,23,24,25,26,27,28,29,30,31,32,33},e=8433782332992704212046921003777449288141818639468681052527
35^38=>{1,2,3,4,5,6,7,8,9,10,11,12,13,14,15,16,17,18,19,20,21,22,23,24,25,26,27,28,29,30,31,32,33,34},e=24282151751312479858521751154943469114927638422309722397960
36^38=>{1,2,3,4,5,6,7,8,9,10,11,12,13,14,15,16,17,18,19,20,21,22,23,24,25,26,27,28,29,30,31,32,33,34,35},e=67620150846830845331452729064918614546869851674259219178966
37^38=>{1,2,3,4,5,6,7,8,9,10,11,12,13,14,15,16,17,18,19,20,21,22,23,24,25,26,27,28,29,30,31,32,33,34,35,36},e=182404109880335599350757613096397460979068424966361315927583
38^38=>{1,2,3,4,5,6,7,8,9,10,11,12,13,14,15,16,17,18,19,20,21,22,23,24,25,26,27,28,29,30,31,32,33,34,35,36,37},e=477235925132773608769390439588829602081128483627382621791629
39^38=>{1,2,3,4,5,6,7,8,9,10,11,12,13,14,15,16,17,18,19,20,21,22,23,24,25,26,27,28,29,30,31,32,33,34,35,36,37,38},e=1212467384302816222591851138719891272829438495176717595390302
40^38=>{1,2,3,4,5,6,7,8,9,10,11,12,13,14,15,16,17,18,19,20,21,22,23,24,25,26,27,28,29,30,31,32,33,34,35,36,37,38,39},e=2994143630634187408618812729033272814870868996756383389751740
41^38=>{1,2,3,4,5,6,7,8,9,10,11,12,13,14,15,16,17,18,19,20,21,22,23,24,25,26,27,28,29,30,31,32,33,34,35,36,37,38,39,40},e=7192761257510811105885898084198552714841695452577555373982061
42^38=>{1,2,3,4,5,6,7,8,9,10,11,12,13,14,15,16,17,18,19,20,21,22,23,24,25,26,27,28,29,30,31,32,33,34,35,36,37,38,39,40,41},e=16819682802978147517211697725038048670362006231713094989230603
43^38=>{1,2,3,4,5,6,7,8,9,10,11,12,13,14,15,16,17,18,19,20,21,22,23,24,25,26,27,28,29,30,31,32,33,34,35,36,37,38,39,40,41,42},e=38303154945768133344123070712712545084426867004400223606224884
44^38=>{1,2,3,4,5,6,7,8,9,10,11,12,13,14,15,16,17,18,19,20,21,22,23,24,25,26,27,28,29,30,31,32,33,34,35,36,37,38,39,40,41,42,43},e=84966229977592298307829644846630417727940694125171991882247202
45^38=>{1,2,3,4,5,6,7,8,9,10,11,12,13,14,15,16,17,18,19,20,21,22,23,24,25,26,27,28,29,30,31,32,33,34,35,36,37,38,39,40,41,42,43,44},e=183586277853778303410310449083613439135927924309751507202317595
46^38=>{1,2,3,4,5,6,7,8,9,10,11,12,13,14,15,16,17,18,19,20,21,22,23,24,25,26,27,28,29,30,31,32,33,34,35,36,37,38,39,40,41,42,43,44,45},e=386243356935033805590365285128323384540420233186230514344835881
47^38=>{1,2,3,4,5,6,7,8,9,10,11,12,13,14,15,16,17,18,19,20,21,22,23,24,25,26,27,28,29,30,31,32,33,34,35,36,37,38,39,40,41,42,43,44,45,46},e=790617751553829962792362043374693158338091028331037581816146698
48^38=>{1,2,3,4,5,6,7,8,9,10,11,12,13,14,15,16,17,18,19,20,21,22,23,24,25,26,27,28,29,30,31,32,33,34,35,36,37,38,39,40,41,42,43,44,45,46,47},e=1572372596316380120644175452629966062384973338334422186399157064
49^38=>{1,2,3,4,5,6,7,8,9,10,11,12,13,14,15,16,17,18,19,20,21,22,23,24,25,26,27,28,29,30,31,32,33,34,35,36,37,38,39,40,41,42,43,44,45,46,47,48},e=3031427844222506044348568726824221340693430593585638984092502377
50^38=>{1,2,3,4,5,6,7,8,9,10,11,12,13,14,15,16,17,18,19,20,21,22,23,24,25,26,27,28,29,30,31,32,33,34,35,36,37,38,39,40,41,42,43,44,45,46,47,48,49},e=5645105463540812710416298566252231502396702354508517996010491175
51^38=>{1,2,3,4,5,6,7,8,9,10,11,12,13,14,15,16,17,18,19,20,21,22,23,24,25,26,27,28,29,30,31,32,33,34,35,36,37,38,39,40,41,42,43,44,45,46,47,48,49,50},e=10094309612448067912731026491971692164505295914235292205910500576
52^38=>{1,2,3,4,5,6,7,8,9,10,11,12,13,14,15,16,17,18,19,20,21,22,23,24,25,26,27,28,29,30,31,32,33,34,35,36,37,38,39,40,41,42,43,44,45,46,47,48,49,50,51},e=17159841642315646019919733786402203635771518537442937160419505518
53^38=>{1,2,3,4,5,6,7,8,9,10,11,12,13,14,15,16,17,18,19,20,21,22,23,24,25,26,27,28,29,30,31,32,33,34,35,36,37,38,39,40,41,42,43,44,45,46,47,48,49,50,51,52},e=27223416752358648955247825605312068206663493656532330342699847319
54^38=>{1,2,3,4,5,6,7,8,9,10,11,12,13,14,15,16,17,18,19,20,21,22,23,24,25,26,27,28,29,30,31,32,33,34,35,36,37,38,39,40,41,42,43,44,45,46,47,48,49,50,51,52,53},e=38747476330064391557212959160529010167585109240786191966529297477
55^38=>{1,2,3,4,5,6,7,8,9,10,11,12,13,14,15,16,17,18,19,20,21,22,23,24,25,26,27,28,29,30,31,32,33,34,35,36,37,38,39,40,41,42,43,44,45,46,47,48,49,50,51,52,53,54},e=44342403296334853845494306408021666673493079839818211940833480630
56^38=>{1,2,3,4,5,6,7,8,9,10,11,12,13,14,15,16,17,18,19,20,21,22,23,24,25,26,27,28,29,30,31,32,33,34,35,36,37,38,39,40,41,42,43,44,45,46,47,48,49,50,51,52,53,54,55},e=21458681555865300381598599763948708397651692824490310343187523796
57^38=>{35,37,38,39,41,42,43,44,45,46,49,50,52,53,54,55,56},e=-8596826881615738922778857002679705501518429190374114696432
58^38=>{49,50,52,54,55,56,57},e=-14187960931974553288666731838972747939518313655916736182330787
59^38=>{43,44,45,46,49,55,56,57,58},e=-22309340822338655192615128650868707712665102534501644728384380
60^38=>{54,55,57,58,59},e=-38424633838750317552694664666717621707296827217459233712044312715
61^38=>{46,51,52,53,54,55,58,59,60},e=-206640459852892769403106948957913504783840815571539331879476355
62^38=>{38,39,40,41,43,44,45,46,48,49,50,56,59,60,61},e=-120324658545085490267760404267598357005280779621778268697191
63^38=>{44,45,47,48,50,51,52,53,54,60,61,62},e=-49957574087225846997380801707295040668785691299794270019834900
64^38=>{50,51,53,56,57,59,60,62,63},e=-3497511740510040268087853940078695701739212518162587700029385853
65^38=>{42,44,45,46,47,48,49,51,52,55,56,57,58,59,61,63,64},e=-16740814869639868228610512274788980643018155353846247896503576
66^38=>{38,39,43,44,45,46,48,49,52,54,56,58,60,62,64,65},e=-208046801200660353390425001479433362678997473242700721994325
67^38=>{50,51,52,53,56,57,58,60,63,65,66},e=-3070692893156674834240854123681810694163890985663050858364490524
68^38=>{46,53,55,60,64,66,67},e=-79174713768185932960102940852513925144506953961044301428342387
69^38=>{37,38,39,40,44,45,46,54,55,56,61,63,64,67,68},e=-128971956956028788758375973032108092896972937968307395486126
70^38=>{42,44,47,49,50,52,56,58,59,60,61,63,65,68,69},e=-520704476980248358012673207697265038178771062849389694953455
71^38=>{44,46,47,49,52,53,58,59,61,63,65,66,67,68,70},e=-74324778309698808504060687553874458173166981008179755443751383
72^38=>{35,37,38,40,41,42,44,45,46,49,52,57,60,62,67,70,71},e=-11682560749787401081086556437181675929483690944359271608744
73^38=>{36,37,38,40,41,42,43,46,47,54,55,56,58,59,60,64,65,68,69,70,72},e=-19637781555513011784307285929758342449675106807787216207191
74^38=>{43,47,48,49,50,51,58,60,61,64,69,70,71,73},e=-15715906871829568068520529937397930887035562469710135007009800
75^38=>{35,39,41,44,45,46,47,49,50,51,54,55,58,59,60,64,65,67,69,71,72,74},e=-22051217901872051688061154525797388280217706500869226910868
76^38=>{38,40,42,43,44,46,48,49,50,52,57,58,59,61,62,64,65,66,67,68,74,75},e=-399726029767319810881758447766077283581763595628894565140352
77^38=>{37,41,42,44,46,47,49,50,51,55,59,60,63,64,65,67,69,75,76},e=-25645573394334478849347348665472818830113490620409853296515
78^38=>{41,42,45,46,48,51,52,54,55,59,60,61,62,63,64,69,70,74,75,77},e=-3547241716010374786585148911378209828698458573641775504702754
79^38=>{39,40,41,42,43,46,48,49,50,52,57,59,60,62,64,69,77,78},e=-452284191032939900078085312019775255607804915133967465234503
80^38=>{33,34,36,37,39,42,43,44,46,47,53,54,55,56,59,60,62,71,72,73,75,77,79},e=-1063574571436902846888627814541872887933396683142316276685
81^38=>{41,43,46,47,48,49,50,52,53,54,55,57,58,59,61,63,64,65,66,67,70,72,74,76,78,80},e=-5399948157270793691159858257758488951163594675510872708089123
82^38=>{32,33,35,37,39,40,42,43,44,46,50,52,55,57,63,64,68,69,70,75,77,79,81},e=-114610493194397196471029358003765081973455167445774594893
83^38=>{36,38,39,40,41,45,48,51,52,54,57,59,61,65,67,71,72,73,74,78,80,82},e=-16144081111906178598761256464800660206780965171705580475146
84^38=>{39,40,41,43,44,46,47,50,51,55,56,57,58,59,61,62,63,66,69,70,71,73,74,75,76,78,79,80,83},e=-106255781949513926957508023181354090401243957796018215264184
85^38=>{36,37,38,44,47,48,49,50,52,54,55,60,61,62,68,69,71,74,78,79,82,84},e=-31282719234237001804700403170959322428043483885551634213351
86^38=>{43,45,50,51,52,53,54,55,57,60,62,64,65,66,70,71,72,73,76,77,80,81,82,85},e=-11752592077464206252255238419845349115334468369454468986572
87^38=>{30,32,35,36,38,42,43,45,48,50,52,54,58,59,60,61,63,67,68,70,72,74,76,78,79,82,83,84,85},e=-30744548562770640702093456016013455826387177797584708105
88^38=>{35,36,41,42,46,47,48,50,52,54,55,56,57,58,59,60,64,65,67,68,72,75,77,80,83,84,85,86},e=-4499925889968425620536595026044035505050537851264928272084
89^38=>{29,30,31,32,35,36,37,39,41,42,44,46,48,50,53,54,55,56,59,60,63,65,66,71,74,76,77,79,80,81,84,85,88},e=-11131511386904949177951216010059707675028668190918176583
90^38=>{31,32,35,38,39,40,42,44,47,51,53,54,55,57,60,61,65,66,69,71,73,75,78,81,83,87,89},e=-122326903476510593191623187162360068255965098645819927386
91^38=>{31,32,33,35,36,38,39,43,48,49,51,54,56,57,60,61,62,68,74,78,79,80,84,88,90},e=-95878541131247608804654234209826435511638363758314160625
92^38=>{34,37,38,39,40,41,43,44,47,50,54,55,56,61,63,64,66,67,68,69,71,72,75,76,78,80,81,82,85,86,88,91},e=-333083602715507875187651128054787308271443185828931922575
93^38=>{29,31,33,34,36,37,39,40,41,42,46,47,49,50,53,54,59,60,61,62,66,68,72,73,76,77,79,80,82,83,84,90,92},e=-4276830516084766960707905438130111571100143982284972958
94^38=>{33,35,36,38,39,43,46,47,48,51,54,55,56,57,58,62,63,65,67,69,70,71,73,75,76,78,79,82,86,91,93},e=-630271974974186860027495001207139931874258003361510846402
95^38=>{29,33,35,36,37,38,39,40,42,43,49,52,55,56,57,59,63,64,65,66,67,68,69,70,71,74,75,77,79,81,83,85,86,89,90,92,93},e=-4158625476255961811481483714531883278778971766818138246
96^38=>{28,34,35,37,39,40,43,47,49,52,54,57,58,61,62,64,67,70,71,73,74,76,77,78,79,82,84,85,87,90,92,95},e=-4442246564860905785750551254889568217549263777904560920
97^38=>{29,30,31,33,37,41,42,43,44,47,48,49,50,52,55,56,59,60,61,64,65,72,73,78,84,87,88,90,91,92,96},e=-813909525906597220289432143269181859908303159209403390
98^38=>{29,32,33,37,38,41,42,44,50,52,54,55,57,60,62,64,65,68,72,74,75,76,77,78,80,83,84,85,87,89,90,91,92,95,96},e=-1915254436445011949268415188847344028056607708242135847
99^38=>{26,27,31,32,37,39,40,43,44,45,47,49,50,52,54,58,59,60,63,65,66,67,68,70,71,72,74,76,77,80,84,86,88,93,95,98},e=-24338109162556778046055851275850009238476210227280887
100^38=>{26,27,28,29,32,33,35,37,40,41,42,43,46,47,49,54,57,58,60,63,64,66,68,69,70,71,72,73,74,75,77,78,81,82,83,84,85,87,88,89,90,91,92,93,95,96,98},e=-383852232631671767393650295774779519744732422820375048
101^38=>{25,26,29,35,36,38,39,40,44,45,48,53,54,55,57,58,59,60,63,64,65,67,68,70,72,74,77,80,81,84,88,91,93,96,98,99},e=-63779042039061952796829668025690020711596915251345960
102^38=>{27,30,32,34,36,38,40,45,47,49,50,51,52,53,58,61,65,68,69,70,71,72,73,74,77,80,81,82,83,85,89,90,91,93,97,99,100},e=-8918197909653876606246521877200643083662611768096788
103^38=>{25,27,30,32,33,38,43,47,49,50,51,52,53,56,65,66,67,69,70,71,72,73,75,76,77,79,80,82,83,86,87,89,92,93,95,99,102},e=-92805442019689503703954307877462704867610400331472429
104^38=>{25,26,27,29,30,31,35,37,44,46,47,48,49,50,55,58,60,61,64,66,67,68,69,70,74,75,78,79,80,81,82,85,87,90,92,94,95,96,97,98,99,100,101},e=-27076245337752796076134637290976513713558768577458733
105^38=>{21,22,24,26,27,28,29,35,36,37,38,39,40,42,48,49,52,53,54,55,56,57,59,62,64,68,77,78,79,80,81,82,83,84,86,87,88,90,92,94,96,98,100,101,103},e=-60497795164998002160832452531816909425482134407457
106^38=>{25,26,28,29,30,31,32,33,34,38,40,41,42,45,46,47,48,49,51,53,54,55,59,61,63,66,67,71,72,73,74,76,77,78,80,81,83,87,88,89,90,91,92,96,97,100,103,104},e=-19523329442773708138747876413694044062400687243257369
107^38=>{24,25,26,27,31,32,33,35,37,41,42,43,46,50,52,53,54,56,59,60,61,62,67,70,71,72,75,78,79,82,83,85,86,87,89,91,92,94,95,98,101,104,105},e=-8752742293726530023021012383924280050463906825098966
108^38=>{25,26,29,30,31,37,39,41,42,43,46,48,49,50,52,54,60,65,66,67,69,71,72,73,75,77,78,82,84,86,87,88,90,93,96,97,100,101,105,106},e=-5195063989435254160359978037991078185493200269740492
109^38=>{24,26,28,30,31,32,33,34,35,36,37,38,39,42,43,45,46,48,49,50,51,52,53,54,57,58,59,61,62,63,67,69,70,71,75,76,77,78,80,83,84,85,86,89,90,91,92,95,100,102,104,108},e=-11975606790397871513101780203294867975892023527304743
110^38=>{22,24,25,26,31,33,34,35,36,38,42,43,44,45,49,50,51,52,53,56,60,62,63,66,67,68,70,72,73,74,76,77,78,79,82,84,85,89,90,93,94,97,100,103,105,109},e=-275099078334457164830410829724908218289420932430853
111^38=>{25,27,31,35,40,41,42,45,47,52,55,56,60,62,63,65,67,69,72,74,75,76,78,80,81,82,83,85,86,87,88,89,90,92,94,95,96,97,98,100,101,103,105,107,109},e=-4126275685242484860976939744012160656478031959382544
112^38=>{26,28,30,31,32,33,37,38,44,46,52,54,57,58,60,65,70,73,74,75,76,78,79,82,84,86,87,89,90,91,92,94,95,97,98,99,100,103,105,106,111},e=-46858419158351751676695471819000270885049661397315681
113^38=>{22,29,30,31,33,35,37,38,39,42,43,45,47,50,53,54,55,56,57,59,63,64,65,67,70,75,76,78,79,81,82,87,88,91,93,95,97,99,100,102,103,105,110,111},e=-514376366098831427018190931002255708072661867109435
114^38=>{23,24,27,28,32,33,35,39,42,43,45,47,49,51,52,54,55,56,59,62,63,64,65,66,67,69,71,72,73,74,78,83,84,87,88,91,92,94,95,100,104,106,109,113},e=-14088550827514883327069483059039429583627376306032
115^38=>{30,33,34,35,37,38,39,41,42,45,48,52,54,57,59,61,63,64,65,66,67,68,70,71,74,80,84,85,86,87,89,90,92,93,95,97,98,99,102,104,106,107,108,109,111,112},e=-1745660027639230616844230570590662411301325601419814
116^38=>{23,29,30,32,33,34,35,36,38,39,40,41,42,45,46,47,50,52,54,55,57,58,59,64,67,69,71,74,75,76,78,83,84,86,87,88,90,91,95,97,99,100,103,105,106,108,109,110,112,113},e=-2808794990110599880623207926253252459192193001293649
117^38=>{19,20,23,27,28,29,30,32,33,35,36,42,44,47,49,50,53,54,55,59,62,67,68,70,73,76,79,81,84,87,88,89,90,92,93,94,95,97,98,100,101,102,105,106,107,112,116},e=-2188972386575341076267159354428610594463256479406
