2^39=>{1},e=549755813887
3^39=>{2,1},e=4052554603263162378
4^39=>{3,2,1},e=302227402347954518886388
5^39=>{4,3,2,1},e=1818687168038397115761611425
6^39=>{5,4,3,2,1},e=2226096464834902362137242451271
7^39=>{6,5,4,3,2,1},e=907313945081748131826395980348222
8^39=>{7,6,5,4,3,2,1},e=165241726057936509963161868475613008
9^39=>{8,7,6,5,4,3,2,1},e=16256137995372365687968677904114782153
10^39=>{9,8,7,6,5,4,3,2,1},e=983409731458851049395505742302696271575
11^39=>{10,9,8,7,6,5,4,3,2,1},e=40128187520709716327476738501299896695066
12^39=>{11,10,9,8,7,6,5,4,3,2,1},e=1182648271916446694590277235495841006429332
13^39=>{12,11,10,9,8,7,6,5,4,3,2,1},e=26516771152316542040792418821343089719445113
14^39=>{13,12,11,10,9,8,7,6,5,4,3,2,1},e=470976212968097941517148274383777487750906543
15^39=>{14,13,12,11,10,9,8,7,6,5,4,3,2,1},e=6842477241321815613024536270305778146882129950
16^39=>{15,14,13,12,11,10,9,8,7,6,5,4,3,2,1},e=83443219813249898477723918360892749407116195136
17^39=>{16,15,14,13,12,11,10,9,8,7,6,5,4,3,2,1},e=872401216722210916221898657184979961889932119217
18^39=>{17,16,15,14,13,12,11,10,9,8,7,6,5,4,3,2,1},e=7957861292962262868494645872173516807068880788943
19^39=>{18,17,16,15,14,13,12,11,10,9,8,7,6,5,4,3,2,1},e=64269100678339265478240899599671290957367776538058
20^39=>{19,18,17,16,15,14,13,12,11,10,9,8,7,6,5,4,3,2,1},e=465287429878022461389500320541412614556535730425300
21^39=>{20,19,18,17,16,15,14,13,12,11,10,9,8,7,6,5,4,3,2,1},e=3051751729908134680517187660090755377412571418394481
22^39=>{21,20,19,18,17,16,15,14,13,12,11,10,9,8,7,6,5,4,3,2,1},e=18299380675066425021021600543392943525230253021699127
23^39=>{22,21,20,19,18,17,16,15,14,13,12,11,10,9,8,7,6,5,4,3,2,1},e=101111994613686489718961360102474694362582565603683998
24^39=>{23,22,21,20,19,18,17,16,15,14,13,12,11,10,9,8,7,6,5,4,3,2,1},e=518354664015270161928005917438914291015854558713514448
25^39=>{24,23,22,21,20,19,18,17,16,15,14,13,12,11,10,9,8,7,6,5,4,3,2,1},e=2480384673263569139973714232310352519234911741935485625
