3^39=>{1,2},e=4052554603263162378
4^39=>{1,2,3},e=302227402347954518886388
5^39=>{1,2,3,4},e=1818687168038397115761611425
6^39=>{1,2,3,4,5},e=2226096464834902362137242451271
7^39=>{1,2,3,4,5,6},e=907313945081748131826395980348222
8^39=>{1,2,3,4,5,6,7},e=165241726057936509963161868475613008
9^39=>{1,2,3,4,5,6,7,8},e=16256137995372365687968677904114782153
10^39=>{1,2,3,4,5,6,7,8,9},e=983409731458851049395505742302696271575
11^39=>{1,2,3,4,5,6,7,8,9,10},e=40128187520709716327476738501299896695066
12^39=>{1,2,3,4,5,6,7,8,9,10,11},e=1182648271916446694590277235495841006429332
13^39=>{1,2,3,4,5,6,7,8,9,10,11,12},e=26516771152316542040792418821343089719445113
14^39=>{1,2,3,4,5,6,7,8,9,10,11,12,13},e=470976212968097941517148274383777487750906543
15^39=>{1,2,3,4,5,6,7,8,9,10,11,12,13,14},e=6842477241321815613024536270305778146882129950
16^39=>{1,2,3,4,5,6,7,8,9,10,11,12,13,14,15},e=83443219813249898477723918360892749407116195136
17^39=>{1,2,3,4,5,6,7,8,9,10,11,12,13,14,15,16},e=872401216722210916221898657184979961889932119217
18^39=>{1,2,3,4,5,6,7,8,9,10,11,12,13,14,15,16,17},e=7957861292962262868494645872173516807068880788943
19^39=>{1,2,3,4,5,6,7,8,9,10,11,12,13,14,15,16,17,18},e=64269100678339265478240899599671290957367776538058
20^39=>{1,2,3,4,5,6,7,8,9,10,11,12,13,14,15,16,17,18,19},e=465287429878022461389500320541412614556535730425300
21^39=>{1,2,3,4,5,6,7,8,9,10,11,12,13,14,15,16,17,18,19,20},e=3051751729908134680517187660090755377412571418394481
22^39=>{1,2,3,4,5,6,7,8,9,10,11,12,13,14,15,16,17,18,19,20,21},e=18299380675066425021021600543392943525230253021699127
23^39=>{1,2,3,4,5,6,7,8,9,10,11,12,13,14,15,16,17,18,19,20,21,22},e=101111994613686489718961360102474694362582565603683998
24^39=>{1,2,3,4,5,6,7,8,9,10,11,12,13,14,15,16,17,18,19,20,21,22,23},e=518354664015270161928005917438914291015854558713514448
25^39=>{1,2,3,4,5,6,7,8,9,10,11,12,13,14,15,16,17,18,19,20,21,22,23,24},e=2480384673263569139973714232310352519234911741935485625
26^39=>{1,2,3,4,5,6,7,8,9,10,11,12,13,14,15,16,17,18,19,20,21,22,23,24,25},e=11137213557056116762566530626455128115022157337752965351
27^39=>{1,2,3,4,5,6,7,8,9,10,11,12,13,14,15,16,17,18,19,20,21,22,23,24,25,26},e=47144603022490401327333908006142654219412288206439169562
28^39=>{1,2,3,4,5,6,7,8,9,10,11,12,13,14,15,16,17,18,19,20,21,22,23,24,25,26,27},e=188925438698829377986486651772399339650397964982748079028
29^39=>{1,2,3,4,5,6,7,8,9,10,11,12,13,14,15,16,17,18,19,20,21,22,23,24,25,26,27,28},e=719384156690369424452045126722911062718060183508930232713
30^39=>{1,2,3,4,5,6,7,8,9,10,11,12,13,14,15,16,17,18,19,20,21,22,23,24,25,26,27,28,29},e=2611451034749967111021152807828089011234652112673448478175
31^39=>{1,2,3,4,5,6,7,8,9,10,11,12,13,14,15,16,17,18,19,20,21,22,23,24,25,26,27,28,29,30},e=9064486361325634645405220277866602683842205487334371309246
32^39=>{1,2,3,4,5,6,7,8,9,10,11,12,13,14,15,16,17,18,19,20,21,22,23,24,25,26,27,28,29,30,31},e=30165008979191840619323400723450906667445942293724801750272
33^39=>{1,2,3,4,5,6,7,8,9,10,11,12,13,14,15,16,17,18,19,20,21,22,23,24,25,26,27,28,29,30,31,32},e=96472862462654264779332141871692654419124367008911927832033
34^39=>{1,2,3,4,5,6,7,8,9,10,11,12,13,14,15,16,17,18,19,20,21,22,23,24,25,26,27,28,29,30,31,32,33},e=297157773443674576788355622117012393815313492024350096899103
35^39=>{1,2,3,4,5,6,7,8,9,10,11,12,13,14,15,16,17,18,19,20,21,22,23,24,25,26,27,28,29,30,31,32,33,34},e=883272342701356074107432690589261238353689028463119574909450
36^39=>{1,2,3,4,5,6,7,8,9,10,11,12,13,14,15,16,17,18,19,20,21,22,23,24,25,26,27,28,29,30,31,32,33,34,35},e=2537980328209635481810813582013574814758924033177649603556916
37^39=>{1,2,3,4,5,6,7,8,9,10,11,12,13,14,15,16,17,18,19,20,21,22,23,24,25,26,27,28,29,30,31,32,33,34,35,36},e=7060742846779584612826687620328659105324786326778022465880257
38^39=>{1,2,3,4,5,6,7,8,9,10,11,12,13,14,15,16,17,18,19,20,21,22,23,24,25,26,27,28,29,30,31,32,33,34,35,36,37},e=19045431813099784943376531453404772105216495866066226847460263
39^39=>{1,2,3,4,5,6,7,8,9,10,11,12,13,14,15,16,17,18,19,20,21,22,23,24,25,26,27,28,29,30,31,32,33,34,35,36,37,38},e=49871282324691434846573357225228424822631561054151122947029118
40^39=>{1,2,3,4,5,6,7,8,9,10,11,12,13,14,15,16,17,18,19,20,21,22,23,24,25,26,27,28,29,30,31,32,33,34,35,36,37,38,39},e=126912442304206343443538459247450304962247350615758088927125200
41^39=>{1,2,3,4,5,6,7,8,9,10,11,12,13,14,15,16,17,18,19,20,21,22,23,24,25,26,27,28,29,30,31,32,33,34,35,36,37,38,39,40},e=314167337751330779715316158809226780861051235304426140280568361
42^39=>{1,2,3,4,5,6,7,8,9,10,11,12,13,14,15,16,17,18,19,20,21,22,23,24,25,26,27,28,29,30,31,32,33,34,35,36,37,38,39,40,41},e=757118423405077885753188314434816170792845940939761148089467767
43^39=>{1,2,3,4,5,6,7,8,9,10,11,12,13,14,15,16,17,18,19,20,21,22,23,24,25,26,27,28,29,30,31,32,33,34,35,36,37,38,39,40,41,42},e=1777402330124219902657406093607159628108558881546863445787640218
44^39=>{1,2,3,4,5,6,7,8,9,10,11,12,13,14,15,16,17,18,19,20,21,22,23,24,25,26,27,28,29,30,31,32,33,34,35,36,37,38,39,40,41,42,43},e=4066533784968408385408375582879575240273144851169307041501447508
45^39=>{1,2,3,4,5,6,7,8,9,10,11,12,13,14,15,16,17,18,19,20,21,22,23,24,25,26,27,28,29,30,31,32,33,34,35,36,37,38,39,40,41,42,43,44},e=9069674396348277393643185376571705380619553016333900350594310425
46^39=>{1,2,3,4,5,6,7,8,9,10,11,12,13,14,15,16,17,18,19,20,21,22,23,24,25,26,27,28,29,30,31,32,33,34,35,36,37,38,39,40,41,42,43,44,45},e=19719617043741400061377016649158117266016139298738123949169682831
47^39=>{1,2,3,4,5,6,7,8,9,10,11,12,13,14,15,16,17,18,19,20,21,22,23,24,25,26,27,28,29,30,31,32,33,34,35,36,37,38,39,40,41,42,43,44,45,46},e=41785961768298069589133591587886425318895531436469392674645390302
48^39=>{1,2,3,4,5,6,7,8,9,10,11,12,13,14,15,16,17,18,19,20,21,22,23,24,25,26,27,28,29,30,31,32,33,34,35,36,37,38,39,40,41,42,43,44,45,46,47},e=86240439461084569758950083350930121629518953438772140938220707648
49^39=>{1,2,3,4,5,6,7,8,9,10,11,12,13,14,15,16,17,18,19,20,21,22,23,24,25,26,27,28,29,30,31,32,33,34,35,36,37,38,39,40,41,42,43,44,45,46,47,48},e=173158146586378025522027876842540369907473265810369107721542288273
50^39=>{1,2,3,4,5,6,7,8,9,10,11,12,13,14,15,16,17,18,19,20,21,22,23,24,25,26,27,28,29,30,31,32,33,34,35,36,37,38,39,40,41,42,43,44,45,46,47,48,49},e=337608138003892181675948201474512867830933582095590179305523739375
51^39=>{1,2,3,4,5,6,7,8,9,10,11,12,13,14,15,16,17,18,19,20,21,22,23,24,25,26,27,28,29,30,31,32,33,34,35,36,37,38,39,40,41,42,43,44,45,46,47,48,49,50},e=637277125739996456027202450686205361598471853641655664010424218826
52^39=>{1,2,3,4,5,6,7,8,9,10,11,12,13,14,15,16,17,18,19,20,21,22,23,24,25,26,27,28,29,30,31,32,33,34,35,36,37,38,39,40,41,42,43,44,45,46,47,48,49,50,51},e=1159102351874593546072050935848030879428532617167906750064692494612
53^39=>{1,2,3,4,5,6,7,8,9,10,11,12,13,14,15,16,17,18,19,20,21,22,23,24,25,26,27,28,29,30,31,32,33,34,35,36,37,38,39,40,41,42,43,44,45,46,47,48,49,50,51,52},e=2015438017929573914800888628541992567276774117964966975474168657553
54^39=>{1,2,3,4,5,6,7,8,9,10,11,12,13,14,15,16,17,18,19,20,21,22,23,24,25,26,27,28,29,30,31,32,33,34,35,36,37,38,39,40,41,42,43,44,45,46,47,48,49,50,51,52,53},e=3303796755791172447490559676745004893490258948723499063022755744663
55^39=>{1,2,3,4,5,6,7,8,9,10,11,12,13,14,15,16,17,18,19,20,21,22,23,24,25,26,27,28,29,30,31,32,33,34,35,36,37,38,39,40,41,42,43,44,45,46,47,48,49,50,51,52,53,54},e=4966684899422436222917071714910129805884475741256415004580738275550
56^39=>{1,2,3,4,5,6,7,8,9,10,11,12,13,14,15,16,17,18,19,20,21,22,23,24,25,26,27,28,29,30,31,32,33,34,35,36,37,38,39,40,41,42,43,44,45,46,47,48,49,50,51,52,53,54,55},e=6406720656861458852657550716443087064587730828768426241003677974096
57^39=>{1,2,3,4,5,6,7,8,9,10,11,12,13,14,15,16,17,18,19,20,21,22,23,24,25,26,27,28,29,30,31,32,33,34,35,36,37,38,39,40,41,42,43,44,45,46,47,48,49,50,51,52,53,54,55,56},e=5542419912758147748461856816124810699187980593123213855718341596697
58^39=>{51,52,53,54,55,56,57},e=-53574440986226198475311277019152554643059294118102137446976345192
59^39=>{54,55,56,57,58},e=-1088660993759933021988696862623781863126548278571440092811345823741
60^39=>{41,42,43,44,45,47,48,49,50,51,53,56,57,58,59},e=-312449271433703665227122486953347692241537851851095141325654037
61^39=>{51,54,55,56,58,59,60},e=-137853178835634768896501503940707282419968878306746470591788689536
62^39=>{55,57,59,60,61},e=-2298355014267676486282832712529176371416374979489264392555753930200
63^39=>{47,48,52,56,57,60,61,62},e=-19567403508380532472705632146246854609323218736381395716245611534
64^39=>{52,54,55,57,61,62,63},e=-134430041861259716343907567635223223375345409962624840727616576132
65^39=>{39,40,42,44,45,47,52,53,54,57,59,60,61,63,64},e=-10233921019917715846144303655182980546078257375341679075113207
66^39=>{42,44,45,47,48,49,51,54,55,59,61,62,64,65},e=-607699787713200416302489753360169766085829293536669052517549072
67^39=>{42,44,47,49,50,52,54,55,56,57,58,60,61,63,65,66},e=-397070254302668699066730213824551856523053983087092272491583258
68^39=>{43,51,52,53,54,55,57,59,62,64,66,67},e=-349414793134140592337935917946649442248143902529979308683541353
69^39=>{50,52,54,56,58,59,62,65,67,68},e=-148773774608862048152408474393414441529816377504793724724390637618
70^39=>{43,44,45,47,52,53,54,55,57,58,61,66,68,69},e=-651039109805881703209825309456194826602242334399242701160713446
71^39=>{51,52,58,60,62,65,66,69,70},e=-220656599145554559995514417956913200796886322329918725710334440018
72^39=>{45,47,50,55,57,58,60,61,63,65,67,70,71},e=-2145924495482893914132804667397810389551859991561448589777263067
73^39=>{42,43,44,46,47,49,50,51,53,54,55,59,60,63,65,68,71,72},e=-351136713546447850171772660201008029269334549719401128688353139
74^39=>{37,38,40,41,42,44,45,46,48,49,51,52,55,56,59,61,64,65,67,68,72,73},e=-2558392237895708048893065266043522407839023617498993326553515
75^39=>{41,42,43,44,46,47,50,51,55,57,59,63,66,67,69,73,74},e=-141665970377664544182285830820176032824638740597908480959781878
76^39=>{40,43,46,50,51,52,53,55,56,58,60,61,63,65,67,69,70,72,73,75},e=-36183609454175381303808222333483191968803829485366102176538731
77^39=>{38,41,44,45,48,49,50,52,55,56,61,62,63,65,66,67,68,70,75,76},e=-15121663215540965559384835645445457135363840207296347046613012
78^39=>{36,38,41,43,46,48,51,52,57,58,61,62,63,64,65,66,67,68,69,70,71,72,73,75,77},e=-696139113997575008601212179308030225099869245112909659284005
79^39=>{36,37,38,40,42,43,45,47,48,50,51,52,54,57,60,61,62,68,69,71,77,78},e=-1580263456545970630485571887756246626580541063086699015930039
80^39=>{37,39,40,42,43,44,51,52,53,55,57,58,60,64,70,71,78,79},e=-6439415436908044344690382356272757817067828237848705353825493
81^39=>{34,35,38,39,40,42,45,46,47,48,50,53,55,57,59,60,61,64,67,70,73,75,76,78,80},e=-13070008568724538244663518767079958671722330213833953105665
82^39=>{42,43,44,45,47,48,49,50,52,57,58,59,61,64,65,66,68,69,70,78,79,81},e=-95498773089281893416202521240055222448239136622991180976217511
83^39=>{36,37,40,41,42,43,44,45,47,48,49,52,55,56,59,61,62,66,67,71,72,74,76,78,80,82},e=-1864302314238714199526824609763136704728461886164326834976836
84^39=>{35,36,37,40,43,48,52,53,54,56,58,60,63,66,72,74,75,76,77,78,81,83},e=-443765519283937922903923479432320838628866071261916153461355
85^39=>{37,39,40,41,42,44,51,52,54,56,58,63,66,67,68,70,71,75,77,78,79,80,81,84},e=-330583977748543144808372799264711539068786139387031898514564
86^39=>{39,41,48,50,51,52,54,55,57,58,59,62,64,66,67,69,70,71,74,77,79,80,81,82,85},e=-18308350041406006035738042492557191724360346766578442179972479
87^39=>{32,34,35,36,40,41,43,46,47,49,50,54,59,61,68,72,75,76,80,81,84,86},e=-17934944726437287840032149790528442033867299241296256567772
88^39=>{30,32,35,37,40,42,43,44,46,47,48,49,52,53,54,55,59,61,62,65,66,69,70,72,73,75,76,80,82,83,84,87},e=-1464854817807175930583162902510862487430769738246784186643
89^39=>{31,32,33,34,36,37,38,40,42,43,44,45,46,47,49,50,51,56,57,59,60,61,62,63,65,66,67,68,69,72,76,77,78,80,81,82,86,88},e=-8984476878714220139105302589003649766957744592165234528550
90^39=>{33,37,39,41,44,46,48,52,55,56,57,58,60,64,65,67,72,73,74,75,79,84,85,86,89},e=-85603927924128179370926598129061421542458157576865346588075
91^39=>{32,33,34,35,36,37,38,39,40,41,42,45,46,48,51,56,60,64,65,67,73,75,77,78,82,84,85,87,88,89},e=-7709412576591130343723371788875190019313249027789874634192
92^39=>{36,39,40,41,42,44,50,53,54,55,59,61,63,65,67,68,73,74,78,79,80,83,85,89,91},e=-26653185812916398212268910951321073606285069889928000803107
93^39=>{32,33,34,41,43,44,50,51,52,53,57,58,59,60,61,62,64,65,67,68,69,70,73,74,76,79,80,82,85,86,87,89,92},e=-10576562973092234337634156619912715589607156911322249942591
94^39=>{32,34,36,38,39,40,41,48,49,50,52,53,54,56,57,59,61,66,67,68,70,75,76,77,78,79,83,86,87,88,89,91,92},e=-1619192743745416719920265029447433084511415162754590999727
95^39=>{32,37,38,41,43,44,45,47,48,50,52,55,56,58,61,62,63,65,67,69,70,74,77,78,81,82,84,85,88,89,90,92,93},e=-16721152082772115322497379384918111910503652826026112213667
96^39=>{32,34,35,36,38,39,40,41,43,45,49,51,53,54,55,58,61,63,67,69,71,72,73,77,79,82,83,84,88,93,95},e=-5152158937730302280033402806566353027888819701317068903250
97^39=>{29,31,32,35,37,38,40,41,42,43,44,46,48,49,53,54,57,58,64,66,67,71,72,77,78,79,80,81,82,87,89,91,92,94,95},e=-274083528648414608015910898692488027378728989970061220743
98^39=>{33,37,38,39,40,41,44,46,48,51,52,55,56,57,59,60,61,63,65,67,68,70,72,75,78,83,84,90,92,93,95,96},e=-98994143098455034067889072567239257471228547595989804174
99^39=>{31,34,37,42,44,46,48,49,50,52,53,55,56,57,58,59,60,61,62,63,64,65,67,70,71,74,75,78,79,84,85,86,87,90,93,95,98},e=-122133500063748715047364250168496293967086814738544509779
100^39=>{31,32,33,35,37,38,41,42,43,44,51,55,56,57,59,63,66,70,71,72,73,74,76,79,83,84,88,89,97,99},e=-5825576971721738655011359739810778035504054459671444754752
101^39=>{29,30,31,48,49,50,51,54,55,56,58,62,64,65,66,70,72,74,79,80,83,85,86,88,91,92,93,95,96,100},e=-88875606918814786131328753019774266240417381947433987849
102^39=>{30,31,32,35,36,37,38,39,40,41,48,49,51,52,55,56,58,62,65,66,67,68,72,74,75,77,78,79,82,84,87,88,89,91,95,97,99,100},e=-724826539786762747947536952749427327766160571602224892939
103^39=>{27,31,32,34,35,37,39,41,42,45,46,47,48,51,52,53,57,61,62,65,66,67,70,71,72,76,78,81,85,88,89,90,93,94,96,97,100,101},e=-5697731222042894607229637473826928071147772606778992138
104^39=>{29,31,32,34,35,40,41,42,43,44,48,50,51,52,54,56,58,60,61,63,64,65,67,68,70,76,78,83,84,87,89,90,91,93,96,98,99,100,102},e=-4569719265993165293327948122421045223006616325979852212
105^39=>{27,28,30,31,32,33,36,39,40,42,43,45,47,49,50,51,54,59,61,70,74,76,77,79,80,81,83,84,85,89,90,92,94,98,101,104},e=-1219716015060309704490939759784065488113187533137357295
106^39=>{28,31,34,35,40,42,46,48,49,52,53,54,57,63,66,67,68,71,79,83,87,89,90,92,94,97,98,100,103,104},e=-15886774185279689620061633444093405120458595701122191508
107^39=>{28,29,32,34,42,43,49,50,53,54,57,58,59,61,62,63,67,71,73,75,76,81,84,86,88,89,90,91,95,97,98,100,102,103,105},e=-5397057132347682378552784514444850573165657569914683310
108^39=>{26,27,30,32,35,36,37,40,43,46,47,48,49,53,54,55,57,59,60,63,64,65,66,69,72,73,77,79,80,83,84,86,87,88,91,92,93,94,97,98,100,101,102,103,104,105},e=-2755082070422321356622214097632314679447672777978295824
109^39=>{25,26,27,28,30,31,33,34,35,36,39,41,42,43,47,48,49,50,51,52,55,58,61,63,64,68,70,71,72,75,77,78,79,80,81,82,84,86,88,89,92,95,97,104,106,107},e=-2031235162105114923643772644208274940014285059542703446
110^39=>{30,34,35,37,39,40,41,43,45,46,47,48,50,53,54,55,58,59,62,63,64,66,68,69,70,72,73,75,76,78,81,82,83,85,86,87,90,92,93,94,95,96,98,104,105,109},e=-17034863297667280139842399923828958900962003712371123296
111^39=>{25,29,31,33,38,39,40,42,43,45,46,49,51,53,56,57,58,61,62,69,70,71,74,75,76,77,78,79,80,81,83,84,85,87,88,90,93,94,95,97,100,101,104,106,110},e=-801357692095689781020170637539844778695545525468464866
112^39=>{23,25,27,32,33,34,37,38,40,41,43,44,47,48,49,50,55,63,65,67,68,72,73,75,76,77,79,83,84,85,86,87,89,90,92,93,96,97,98,99,101,103,105,109,110},e=-16276461415777233772040187159531485093320172991738
113^39=>{26,27,29,30,31,32,35,39,40,41,43,44,45,46,47,49,50,54,55,57,58,59,60,62,66,68,69,71,72,73,76,77,82,85,87,88,90,91,92,93,95,96,98,99,101,102,103,105,106,107,108,111},e=-370701704751030799551854153696512559470392797154243811
114^39=>{26,30,32,33,34,35,36,40,43,45,48,49,50,51,53,58,63,65,67,69,70,71,72,73,75,80,82,83,84,85,86,89,90,92,96,98,99,101,102,104,106,109,113},e=-2523308699672739605224024893679604633144273985664954199
115^39=>{24,26,27,28,30,31,32,33,36,38,42,44,46,47,48,49,50,51,54,56,57,58,59,61,62,63,69,75,76,78,79,84,85,86,87,88,91,93,94,98,102,103,108,110,114},e=-256964428663119558359893275097979330179269625806203493
116^39=>{24,25,26,27,30,33,37,38,40,43,44,46,47,48,49,50,52,53,54,57,58,64,70,76,79,80,82,84,86,87,89,90,91,92,94,96,97,99,101,102,103,105,108,111,115},e=-195390535195782928021408966151455718408665173815833208
117^39=>{23,25,26,27,28,29,30,31,32,43,44,45,47,48,49,55,57,58,59,60,61,62,64,65,66,67,70,74,76,77,78,79,80,81,82,84,87,88,90,93,96,98,101,104,106,110,114,115},e=-312126269522498958109097021573135941836693838646671
118^39=>{19,20,21,24,27,30,31,33,34,38,39,40,41,42,43,44,45,47,49,50,52,55,56,58,60,61,62,64,69,73,74,75,76,78,79,80,81,82,85,86,89,90,91,92,93,95,96,97,98,99,100,101,104,105,107,108,109,110,113,114,115},e=-16125164298963862747186684049082835968163686207291
