3^3=>{1,2},e=18
4^3=>{1,2,3},e=28
5^3=>{1,2,3,4},e=25
6^3=>{3,4,5},e=0
7^3=>{1,5,6},e=1
8^3=>{1,2,3,5,7},e=8
9^3=>{1,3,4,5,8},e=0
10^3=>{3,5,7,8},e=-7
11^3=>{3,4,8,9},e=-1
12^3=>{3,4,5,8,10},e=0
13^3=>{1,5,6,7,8,10},e=0
14^3=>{2,3,5,7,8,9,10},e=0
15^3=>{4,5,7,8,10,11},e=0
16^3=>{1,3,4,6,9,11,12},e=0
17^3=>{1,5,6,8,10,11,12},e=0
18^3=>{4,5,7,8,9,10,11,12},e=0
19^3=>{1,2,5,6,7,8,9,10,12,13},e=0
20^3=>{2,3,5,7,8,9,10,11,12,13},e=0
21^3=>{4,5,6,7,8,9,10,11,13,14},e=0
22^3=>{4,7,8,9,10,11,12,13,14},e=0
23^3=>{4,5,6,7,8,9,10,11,12,14,15},e=0
24^3=>{1,2,3,5,6,7,9,10,11,12,13,14,15},e=0
25^3=>{3,7,8,10,11,13,14,15,16},e=0
26^3=>{2,3,5,6,9,10,11,12,13,14,15,16},e=0
27^3=>{1,3,4,5,6,8,9,10,11,12,13,14,16,17},e=0
28^3=>{2,3,4,6,7,8,9,10,12,13,14,15,16,17},e=0
29^3=>{1,2,4,5,6,7,8,10,11,12,13,14,15,17,18},e=0
30^3=>{2,3,4,5,6,7,9,10,11,13,14,15,16,17,18},e=0
31^3=>{3,4,6,8,9,10,11,12,13,14,15,16,17,19},e=0
32^3=>{2,3,7,8,10,11,12,14,15,16,17,18,19},e=0
33^3=>{3,4,6,7,8,9,10,11,12,14,15,16,17,19,20},e=0
34^3=>{1,3,4,8,10,11,12,13,14,16,17,18,19,20},e=0
35^3=>{3,4,5,7,8,9,11,12,13,14,15,16,17,18,19,20},e=0
36^3=>{1,2,3,5,6,7,8,9,10,11,13,14,15,16,18,19,20,21},e=0
37^3=>{1,4,5,7,8,10,11,13,14,15,16,17,18,19,20,21},e=0
38^3=>{2,3,5,6,8,10,11,12,13,14,15,16,17,18,19,21,22},e=0
39^3=>{1,4,5,8,9,10,11,12,13,14,15,17,18,19,20,21,22},e=0
40^3=>{3,4,5,6,7,8,9,10,11,12,13,14,15,16,17,18,19,20,21,22},e=0
41^3=>{2,5,6,7,8,9,10,12,13,14,15,16,17,19,20,21,22,23},e=0
42^3=>{2,4,5,6,7,8,10,12,13,14,15,16,17,18,19,20,21,22,23},e=0
43^3=>{1,4,6,8,10,11,12,13,14,15,16,17,18,19,20,22,23,24},e=0
44^3=>{4,8,9,10,11,12,13,14,15,17,18,19,20,21,22,23,24},e=0
45^3=>{2,5,6,7,11,12,13,14,15,16,17,18,19,20,21,22,24,25},e=0
46^3=>{3,5,7,8,9,10,11,12,13,14,15,16,17,18,19,21,22,23,24,25},e=0
47^3=>{3,5,6,7,8,11,12,13,14,15,16,17,18,19,20,21,22,23,24,25},e=0
48^3=>{1,5,6,8,9,10,11,12,13,14,15,16,17,18,19,20,21,22,24,25,26},e=0
49^3=>{1,2,3,4,6,7,8,9,10,12,13,14,15,17,18,19,20,21,22,23,24,25,26},e=0
50^3=>{2,5,7,8,9,10,11,12,13,14,15,16,17,18,19,20,21,22,23,24,25,27},e=0
51^3=>{1,2,4,5,7,8,10,11,12,13,14,15,16,17,18,19,20,22,23,24,25,26,27},e=0
52^3=>{4,5,6,7,9,10,11,13,14,15,16,17,18,19,20,21,22,23,24,25,26,27},e=0
53^3=>{1,2,3,5,6,8,9,10,11,13,14,15,16,17,18,19,20,21,22,23,25,26,27,28},e=0
54^3=>{2,3,4,5,6,7,9,10,11,12,13,14,15,16,17,18,20,21,22,23,24,25,26,27,28},e=0
