2^40=>{1},e=1099511627775
3^40=>{2,1},e=12157664359545301024
4^40=>{3,2,1},e=1208913661948070606149598
5^40=>{4,3,2,1},e=9093738079752001191407127871
6^40=>{5,4,3,2,1},e=13358398382888027504271952323197
7^40=>{6,5,4,3,2,1},e=6353429170214228545110029399594046
8^40=>{7,6,5,4,3,2,1},e=1322847813433312045477434219401490620
9^40=>{8,7,6,5,4,3,2,1},e=146473221236209403615753030305224099069
10^40=>{9,8,7,6,5,4,3,2,1},e=9850855562407517556983586609892457503867
11^40=>{10,9,8,7,6,5,4,3,2,1},e=442443411244167035615877146958861662162268
12^40=>{11,10,9,8,7,6,5,4,3,2,1},e=14234973979571512505325645576411349379820442
13^40=>{12,11,10,9,8,7,6,5,4,3,2,1},e=346028190704721229423591412117450653670188091
14^40=>{13,12,11,10,9,8,7,6,5,4,3,2,1},e=6624027860446357967620253525013276865579004665
15^40=>{14,13,12,11,10,9,8,7,6,5,4,3,2,1},e=103196597138025080130239145445011644827546991738
16^40=>{15,14,13,12,11,10,9,8,7,6,5,4,3,2,1},e=1343551588050127755488460178848583902459553753464
17^40=>{16,15,14,13,12,11,10,9,8,7,6,5,4,3,2,1},e=14938525240168827921914891342947601892124416030713
18^40=>{17,16,15,14,13,12,11,10,9,8,7,6,5,4,3,2,1},e=144420098015640410827863611898568510285225107069687
19^40=>{18,17,16,15,14,13,12,11,10,9,8,7,6,5,4,3,2,1},e=1232391149296584859847666468522657783191021253610136
20^40=>{19,18,17,16,15,14,13,12,11,10,9,8,7,6,5,4,3,2,1},e=9401495217978565582161595466415742931575212377467734
21^40=>{20,19,18,17,16,15,14,13,12,11,10,9,8,7,6,5,4,3,2,1},e=64816757146386922183843029596951940951551961824820535
22^40=>{21,20,19,18,17,16,15,14,13,12,11,10,9,8,7,6,5,4,3,2,1},e=407636545795481534113195487708698765729253028473461109
23^40=>{22,21,20,19,18,17,16,15,14,13,12,11,10,9,8,7,6,5,4,3,2,1},e=2357565827985284051723329532692380782335415723817599158
24^40=>{23,22,21,20,19,18,17,16,15,14,13,12,11,10,9,8,7,6,5,4,3,2,1},e=12627493444703614373251317578134698098382767195534471732
25^40=>{24,23,22,21,20,19,18,17,16,15,14,13,12,11,10,9,8,7,6,5,4,3,2,1},e=63024936116874900545833951903329066989903388036465295605
