3^40=>{1,2},e=12157664359545301024
4^40=>{1,2,3},e=1208913661948070606149598
5^40=>{1,2,3,4},e=9093738079752001191407127871
6^40=>{1,2,3,4,5},e=13358398382888027504271952323197
7^40=>{1,2,3,4,5,6},e=6353429170214228545110029399594046
8^40=>{1,2,3,4,5,6,7},e=1322847813433312045477434219401490620
9^40=>{1,2,3,4,5,6,7,8},e=146473221236209403615753030305224099069
10^40=>{1,2,3,4,5,6,7,8,9},e=9850855562407517556983586609892457503867
11^40=>{1,2,3,4,5,6,7,8,9,10},e=442443411244167035615877146958861662162268
12^40=>{1,2,3,4,5,6,7,8,9,10,11},e=14234973979571512505325645576411349379820442
13^40=>{1,2,3,4,5,6,7,8,9,10,11,12},e=346028190704721229423591412117450653670188091
14^40=>{1,2,3,4,5,6,7,8,9,10,11,12,13},e=6624027860446357967620253525013276865579004665
15^40=>{1,2,3,4,5,6,7,8,9,10,11,12,13,14},e=103196597138025080130239145445011644827546991738
16^40=>{1,2,3,4,5,6,7,8,9,10,11,12,13,14,15},e=1343551588050127755488460178848583902459553753464
17^40=>{1,2,3,4,5,6,7,8,9,10,11,12,13,14,15,16},e=14938525240168827921914891342947601892124416030713
18^40=>{1,2,3,4,5,6,7,8,9,10,11,12,13,14,15,16,17},e=144420098015640410827863611898568510285225107069687
19^40=>{1,2,3,4,5,6,7,8,9,10,11,12,13,14,15,16,17,18},e=1232391149296584859847666468522657783191021253610136
20^40=>{1,2,3,4,5,6,7,8,9,10,11,12,13,14,15,16,17,18,19},e=9401495217978565582161595466415742931575212377467734
21^40=>{1,2,3,4,5,6,7,8,9,10,11,12,13,14,15,16,17,18,19,20},e=64816757146386922183843029596951940951551961824820535
22^40=>{1,2,3,4,5,6,7,8,9,10,11,12,13,14,15,16,17,18,19,20,21},e=407636545795481534113195487708698765729253028473461109
23^40=>{1,2,3,4,5,6,7,8,9,10,11,12,13,14,15,16,17,18,19,20,21,22},e=2357565827985284051723329532692380782335415723817599158
24^40=>{1,2,3,4,5,6,7,8,9,10,11,12,13,14,15,16,17,18,19,20,21,22,23},e=12627493444703614373251317578134698098382767195534471732
25^40=>{1,2,3,4,5,6,7,8,9,10,11,12,13,14,15,16,17,18,19,20,21,22,23,24},e=63024936116874900545833951903329066989903388036465295605
26^40=>{1,2,3,4,5,6,7,8,9,10,11,12,13,14,15,16,17,18,19,20,21,22,23,24,25},e=294719931995905360132218447687652935308898270414926799731
27^40=>{1,2,3,4,5,6,7,8,9,10,11,12,13,14,15,16,17,18,19,20,21,22,23,24,25,26},e=1297467995131064581424065808800625096976059288835503335380
28^40=>{1,2,3,4,5,6,7,8,9,10,11,12,13,14,15,16,17,18,19,20,21,22,23,24,25,26,27},e=5400443268136291573096133732738005254949693470241623252754
29^40=>{1,2,3,4,5,6,7,8,9,10,11,12,13,14,15,16,17,18,19,20,21,22,23,24,25,26,27,28},e=21333531509379102164347217190799744526585939624392464433203
30^40=>{1,2,3,4,5,6,7,8,9,10,11,12,13,14,15,16,17,18,19,20,21,22,23,24,25,26,27,28,29},e=80256026126126411341851339942849905033567105570163493551601
31^40=>{1,2,3,4,5,6,7,8,9,10,11,12,13,14,15,16,17,18,19,20,21,22,23,24,25,26,27,28,29,30},e=288405231556010057441757431514043828884401260184652101314802
32^40=>{1,2,3,4,5,6,7,8,9,10,11,12,13,14,15,16,17,18,19,20,21,22,23,24,25,26,27,28,29,30,31},e=992738246592955888743907340712818583704935944738467721089776
33^40=>{1,2,3,4,5,6,7,8,9,10,11,12,13,14,15,16,17,18,19,20,21,22,23,24,25,26,27,28,29,30,31,32},e=3281331039313402778245568429376118922167961647451067433994225
34^40=>{1,2,3,4,5,6,7,8,9,10,11,12,13,14,15,16,17,18,19,20,21,22,23,24,25,26,27,28,29,30,31,32,33},e=10438100975167392019315129501556118882457024121629188538850799
35^40=>{1,2,3,4,5,6,7,8,9,10,11,12,13,14,15,16,17,18,19,20,21,22,23,24,25,26,27,28,29,30,31,32,33,34},e=32020446646146882315026399346253725561729810594323443320499472
36^40=>{1,2,3,4,5,6,7,8,9,10,11,12,13,14,15,16,17,18,19,20,21,22,23,24,25,26,27,28,29,30,31,32,33,34,35},e=94898834756881579766073410470811306242254307231598709410401998
37^40=>{1,2,3,4,5,6,7,8,9,10,11,12,13,14,15,16,17,18,19,20,21,22,23,24,25,26,27,28,29,30,31,32,33,34,35,36},e=272168265179859533976518109737882636005873755039345935490848047
38^40=>{1,2,3,4,5,6,7,8,9,10,11,12,13,14,15,16,17,18,19,20,21,22,23,24,25,26,27,28,29,30,31,32,33,34,35,36,37},e=756486405408946717525158643170231520608255528008565308064499821
39^40=>{1,2,3,4,5,6,7,8,9,10,11,12,13,14,15,16,17,18,19,20,21,22,23,24,25,26,27,28,29,30,31,32,33,34,35,36,37,38},e=2040463872311500606386427471488419383800220110374987876858068270
40^40=>{1,2,3,4,5,6,7,8,9,10,11,12,13,14,15,16,17,18,19,20,21,22,23,24,25,26,27,28,29,30,31,32,33,34,35,36,37,38,39},e=5347300566416239335344610450355072709245235903277659550081815468
41^40=>{1,2,3,4,5,6,7,8,9,10,11,12,13,14,15,16,17,18,19,20,21,22,23,24,25,26,27,28,29,30,31,32,33,34,35,36,37,38,39,40},e=13629214189555655809840584132387908221096195175513049655572985069
42^40=>{1,2,3,4,5,6,7,8,9,10,11,12,13,14,15,16,17,18,19,20,21,22,23,24,25,26,27,28,29,30,31,32,33,34,35,36,37,38,39,40,41},e=33816595397521912310680946067786215550029180581574456086253646443
43^40=>{1,2,3,4,5,6,7,8,9,10,11,12,13,14,15,16,17,18,19,20,21,22,23,24,25,26,27,28,29,30,31,32,33,34,35,36,37,38,39,40,41,42},e=81741576778770269344137517681695268898063641977705197108306633292
44^40=>{1,2,3,4,5,6,7,8,9,10,11,12,13,14,15,16,17,18,19,20,21,22,23,24,25,26,27,28,29,30,31,32,33,34,35,36,37,38,39,40,41,42,43},e=192609475390003347232139024987022812114854460422357604357173641866
45^40=>{1,2,3,4,5,6,7,8,9,10,11,12,13,14,15,16,17,18,19,20,21,22,23,24,25,26,27,28,29,30,31,32,33,34,35,36,37,38,39,40,41,42,43,44},e=442621295007963398862125104236396012217870071356538968532699063339
46^40=>{1,2,3,4,5,6,7,8,9,10,11,12,13,14,15,16,17,18,19,20,21,22,23,24,25,26,27,28,29,30,31,32,33,34,35,36,37,38,39,40,41,42,43,44,45},e=992265922222538672113190239429209906801660343681011771218045100265
47^40=>{1,2,3,4,5,6,7,8,9,10,11,12,13,14,15,16,17,18,19,20,21,22,23,24,25,26,27,28,29,30,31,32,33,34,35,36,37,38,39,40,41,42,43,44,45,46},e=2170178540440471646323834717402291104768879553386946882814311908714
48^40=>{1,2,3,4,5,6,7,8,9,10,11,12,13,14,15,16,17,18,19,20,21,22,23,24,25,26,27,28,29,30,31,32,33,34,35,36,37,38,39,40,41,42,43,44,45,46,47},e=4629714991470876006342710383611546582748338152238072299914695670888
49^40=>{1,2,3,4,5,6,7,8,9,10,11,12,13,14,15,16,17,18,19,20,21,22,23,24,25,26,27,28,29,30,31,32,33,34,35,36,37,38,39,40,41,42,43,44,45,46,47,48},e=9629034639549133042808523371392852251128414987932116169722140815337
50^40=>{1,2,3,4,5,6,7,8,9,10,11,12,13,14,15,16,17,18,19,20,21,22,23,24,25,26,27,28,29,30,31,32,33,34,35,36,37,38,39,40,41,42,43,44,45,46,47,48,49},e=19506073622553183170180697403359504649377970485907948677337231919335
51^40=>{1,2,3,4,5,6,7,8,9,10,11,12,13,14,15,16,17,18,19,20,21,22,23,24,25,26,27,28,29,30,31,32,33,34,35,36,37,38,39,40,41,42,43,44,45,46,47,48,49,50},e=38427170804186214113754820363155821831522422334757288397287156371336
52^40=>{1,2,3,4,5,6,7,8,9,10,11,12,13,14,15,16,17,18,19,20,21,22,23,24,25,26,27,28,29,30,31,32,33,34,35,36,37,38,39,40,41,42,43,44,45,46,47,48,49,50,51},e=73437378152840897248109762589994133746220658581214475841518907671110
53^40=>{1,2,3,4,5,6,7,8,9,10,11,12,13,14,15,16,17,18,19,20,21,22,23,24,25,26,27,28,29,30,31,32,33,34,35,36,37,38,39,40,41,42,43,44,45,46,47,48,49,50,51,52},e=135617410085335319874873499269944524212907732736695431899149282776359
54^40=>{1,2,3,4,5,6,7,8,9,10,11,12,13,14,15,16,17,18,19,20,21,22,23,24,25,26,27,28,29,30,31,32,33,34,35,36,37,38,39,40,41,42,43,44,45,46,47,48,49,50,51,52,53},e=240489936525132527545844089192635955225592945825723813299448214744933
55^40=>{1,2,3,4,5,6,7,8,9,10,11,12,13,14,15,16,17,18,19,20,21,22,23,24,25,26,27,28,29,30,31,32,33,34,35,36,37,38,39,40,41,42,43,44,45,46,47,48,49,50,51,52,53,54},e=405127811091117006071138300027581380854015903532686551605584886647206
56^40=>{1,2,3,4,5,6,7,8,9,10,11,12,13,14,15,16,17,18,19,20,21,22,23,24,25,26,27,28,29,30,31,32,33,34,35,36,37,38,39,40,41,42,43,44,45,46,47,48,49,50,51,52,53,54,55},e=635453643127494742641130245661484348059668690253729735769280740234532
57^40=>{1,2,3,4,5,6,7,8,9,10,11,12,13,14,15,16,17,18,19,20,21,22,23,24,25,26,27,28,29,30,31,32,33,34,35,36,37,38,39,40,41,42,43,44,45,46,47,48,49,50,51,52,53,54,55,56},e=888436231468068993570506894442523231185830440637717762128884907057381
58^40=>{1,2,3,4,5,6,7,8,9,10,11,12,13,14,15,16,17,18,19,20,21,22,23,24,25,26,27,28,29,30,31,32,33,34,35,36,37,38,39,40,41,42,43,44,45,46,47,48,49,50,51,52,53,54,55,56,57},e=975213920164521045517738092623419827974919802099505504796182851225955
59^40=>{1,2,3,4,5,6,7,8,9,10,11,12,13,14,15,16,17,18,19,20,21,22,23,24,25,26,27,28,29,30,31,32,33,34,35,36,37,38,39,40,41,42,43,44,45,46,47,48,49,50,51,52,53,54,55,56,57,58},e=332749394959690603518295477667841380191624483887248752830409002974404
60^40=>{50,51,53,55,56,57,58,59},e=-1403606738140927936860264204436645084305427435210525274204430398181
61^40=>{41,47,49,50,51,53,55,57,58,59,60},e=-5328563388008890175063311260948391256925173866466740446455001607
62^40=>{53,58,59,60,61},e=-25640855985867942874331537315326810813756954709289528252567502946403
63^40=>{51,52,57,58,60,61,62},e=-14591485465642604044251640302362320128757347178800655211616874944130
64^40=>{52,54,59,61,62,63},e=-30976932133858192379491328868419709412584467312649578999040232186755
65^40=>{49,55,56,59,62,63,64},e=-4207017964735469301175195913380951736829703449565654319208290954531
66^40=>{42,43,47,52,53,55,57,58,63,64,65},e=-10863368184514592810251146511291753135565664943449113034499706183
67^40=>{51,54,55,56,57,58,59,60,62,63,65,66},e=-17732755734615921230282107668241639683712601433966214400172384258533
68^40=>{1,2,3,4,5,6,7,8,9,10,11,12,13,14,15,16,17,18,19,20,21,22,23,24,25,26,27,28,29,30,31,32,33,34,35,36,37,38,39,40,41,42,43,44,45,46,47,48,49,50,51,54,58,60,63,64,66,67},e=19057556884446623881951904293332207662841259505711453278974492538404
69^40=>{45,52,54,55,59,62,63,65,67,68},e=-181953517064532989552070974989846919637987830713039932556686757381
70^40=>{38,40,41,44,45,46,47,49,51,53,54,55,59,64,66,68,69},e=-220069828052861032468682860291657098326795451919557844157053289
71^40=>{1,2,3,4,5,6,7,8,9,10,11,12,13,14,15,16,17,18,19,20,21,22,23,24,25,26,27,28,29,30,31,32,33,34,35,36,37,38,39,40,41,42,43,44,45,46,47,48,49,50,51,52,54,55,56,61,62,63,64,65,66,69,70},e=12001717493894671053950799078552784514033110579280770331946993487426
72^40=>{1,2,3,4,5,6,7,8,9,10,11,12,13,14,15,16,17,18,19,20,21,22,23,24,25,26,27,28,29,30,31,32,33,34,35,36,37,39,42,43,44,45,46,48,49,51,53,54,55,56,58,62,68,70,71},e=244389362959537001300928193001237818404370313833021263265202981
73^40=>{1,2,3,4,5,6,7,8,9,10,11,12,13,14,15,16,17,18,19,20,21,22,23,24,25,26,27,28,29,30,31,32,33,34,35,36,37,38,39,40,41,42,43,44,45,46,47,48,49,50,51,53,55,57,60,61,63,67,68,71,72},e=12838017187158235763025427228868278286796924959388342684610758670752
74^40=>{40,41,42,43,45,47,48,49,52,54,59,60,62,63,64,67,69,72,73},e=-1928442808536828472750360248807717076069397649292599038970662890
75^40=>{1,2,3,4,5,6,7,8,9,10,11,12,13,14,15,16,17,18,19,20,21,22,23,24,25,26,27,28,29,30,31,32,33,34,35,36,37,38,39,41,42,43,45,49,50,52,54,55,56,57,62,65,66,67,68,69,73,74},e=468306752763557329598325760606679986827865878686012018275152003
76^40=>{1,2,3,4,5,6,7,8,9,10,11,12,13,14,15,16,17,18,19,20,21,22,23,24,25,26,27,28,29,30,31,32,33,34,35,36,37,38,39,40,41,43,44,45,46,47,48,49,55,57,61,62,64,65,67,69,71,72,73,75},e=1716837705493487958250628140030649101869407962500768023538064478
77^40=>{1,2,3,4,5,6,7,8,9,10,11,12,13,14,15,16,17,18,19,20,21,22,23,24,25,26,27,28,29,30,31,32,33,34,35,36,37,38,40,41,43,44,45,46,48,49,51,52,53,54,55,56,57,59,60,61,62,64,65,66,69,72,73,74,76},e=515330995535812730170394313203422949410754588036323311812464673
78^40=>{36,37,39,41,42,44,45,46,49,51,53,54,56,60,62,63,65,66,67,68,72,76,77},e=-14737166289613937239858243480792555248881602761806885699177419
79^40=>{1,2,3,4,5,6,7,8,9,10,11,12,13,14,15,16,17,18,19,20,21,22,23,24,25,26,27,28,29,30,31,32,33,34,35,36,37,40,42,44,45,46,48,50,54,56,59,60,61,64,65,69,71,73,75,76,78},e=145484915594407303614511842789296081667545015101918518443074182
80^40=>{1,2,3,4,5,6,7,8,9,10,11,12,13,14,15,16,17,18,19,20,21,22,23,24,25,26,27,28,29,30,31,32,33,34,35,36,37,41,42,43,45,47,49,51,54,55,57,58,60,64,66,67,69,70,71,72,78,79},e=339395719014691909797975972190657292922829550125664454549490753
81^40=>{1,2,3,4,5,6,7,8,9,10,11,12,13,14,15,16,17,18,19,20,21,22,23,24,25,26,27,28,29,30,31,32,33,34,35,36,37,38,40,41,42,43,45,49,50,52,53,55,56,59,65,66,67,70,73,74,75,76,78,80},e=871876571629068979679188414639452739038503884522639377327996131
82^40=>{38,41,42,43,45,47,48,49,50,51,53,55,57,59,63,64,67,68,70,71,73,80,81},e=-202226264386886989165129880021971258342336023178465198070540367
83^40=>{38,42,43,44,46,49,52,56,57,60,61,64,65,67,70,73,81,82},e=-299802246394984648088076354580869316070223145764427392655266439
84^40=>{44,45,46,52,53,58,60,63,64,65,68,71,75,76,77,79,81,83},e=-81447697869522431353109970834908468677590000251108289974791871338
85^40=>{41,44,45,47,49,54,55,56,57,59,62,64,66,68,70,71,73,74,76,78,80,82,84},e=-2520041335140054598217471733353253372554771733804266267776509544
86^40=>{38,44,45,46,47,48,49,55,58,59,60,61,63,64,66,67,69,70,71,72,73,75,79,81,83,85},e=-51570096000869430047443519017383449926339591819243856889348944
87^40=>{36,38,40,41,43,44,45,46,48,49,51,57,59,60,61,62,63,65,66,67,68,69,70,71,72,73,74,77,79,80,81,84,86},e=-46172385372992787156907773415318517476453303776718360482901776
88^40=>{40,41,44,46,47,48,49,50,57,59,62,66,67,70,77,79,80,82,83,84,85,86},e=-2374652931759090645885885728113370722440920511500228911346829866
89^40=>{36,37,41,44,45,47,48,51,52,53,54,55,59,60,63,65,66,69,70,73,74,81,83,84,85,86,87},e=-601426730788528038223262126690891072140383285622218767386895
90^40=>{1,2,3,4,5,6,7,8,9,10,11,12,13,14,15,16,17,18,19,20,21,22,23,24,25,26,27,28,29,30,31,32,33,34,35,37,38,39,41,44,45,46,47,48,51,54,55,61,62,65,68,72,75,76,77,79,80,81,82,83,85,86,89},e=35958780654089034863933086779076752946685718625236845451975550
91^40=>{33,37,39,42,44,46,48,50,51,53,54,57,59,60,63,64,66,68,69,70,71,72,74,75,78,79,82,85,86,87,90},e=-1329350112729380049183320062734366427252316724185519474465549
92^40=>{38,39,40,42,43,45,48,49,51,54,55,58,60,62,64,65,70,71,72,74,75,77,80,81,82,86,89,91},e=-62681621177123703263152120681883384606265080922703598586960269
93^40=>{1,2,3,4,5,6,7,8,9,10,11,12,13,14,15,16,17,18,19,20,21,22,23,24,25,26,27,28,29,30,31,32,33,34,35,37,41,42,43,44,45,47,50,54,55,56,59,62,64,67,68,69,70,73,74,75,77,78,81,82,87,90,92},e=4288287019937178696603090265981635268535113581542568598199201
94^40=>{1,2,3,4,5,6,7,8,9,10,11,12,13,14,15,16,17,18,19,20,21,22,23,24,25,26,27,28,29,30,31,32,35,37,41,42,45,46,47,49,52,53,54,55,56,58,59,60,62,63,64,67,68,70,71,73,74,75,78,79,80,83,85,86,88,90,91,92},e=506802790447648505034169216913489144153195968093078638685598
95^40=>{36,38,40,41,43,45,46,47,50,53,54,57,58,60,66,68,69,70,72,74,75,76,77,79,80,85,87,89,91,92,93},e=-1747041418654425648117948979108580321831127464230583517389998
96^40=>{34,35,38,40,43,44,46,47,48,49,51,52,53,54,56,57,58,60,62,64,71,72,73,75,77,78,82,83,85,89,93,95},e=-2758657851609195190303524175445161443820540107903640550001200
97^40=>{1,2,3,4,5,6,7,8,9,10,11,12,13,14,15,16,17,18,19,20,21,22,23,24,25,26,27,28,29,30,31,32,33,34,35,36,38,41,42,45,47,50,52,53,54,58,60,61,62,67,68,71,74,76,77,80,83,84,85,87,88,89,91,93,96},e=6024433838351175099450523031441386132969934273457833083873
98^40=>{30,32,33,35,36,38,39,40,41,43,48,54,55,56,57,60,63,64,69,71,73,74,77,79,81,82,85,87,88,89,95,97},e=-21521487785279097325853921307935009866165713439448200589299
99^40=>{1,2,3,4,5,6,7,8,9,10,11,12,13,14,15,16,17,18,19,20,21,22,23,24,25,26,27,28,29,35,36,37,38,39,40,41,42,43,44,45,47,54,56,57,62,63,65,67,68,69,71,72,74,75,76,79,81,82,83,86,89,90,96,98},e=3640780163089429086665714579670705492289040745970985917248
100^40=>{1,2,3,4,5,6,7,8,9,10,11,12,13,14,15,16,17,18,19,20,21,22,23,24,25,26,27,28,29,30,31,32,34,41,43,44,46,47,48,49,50,52,53,54,55,57,59,60,61,63,64,66,68,69,72,73,75,78,79,81,83,86,87,95,96,99},e=73471101223753674568465132729210816146871133295464644270045
101^40=>{34,37,38,39,41,43,44,48,50,51,52,58,60,62,63,67,68,69,70,71,72,73,74,75,76,77,78,79,80,81,84,85,86,90,91,98,100},e=-9380791918415539431987116240255071820829413373362820938703
102^40=>{1,2,3,4,5,6,7,8,9,10,11,12,13,14,15,16,17,18,19,20,21,22,23,24,25,26,27,28,30,35,39,40,43,44,48,51,52,53,54,57,58,60,61,64,65,66,67,68,72,73,74,77,79,82,83,85,87,88,92,96,97,99,100},e=6940846818558187545180754477109509101392156290205204330625
103^40=>{1,2,3,4,5,6,7,8,9,10,11,12,13,14,15,16,17,18,19,20,21,22,23,24,25,26,31,33,34,36,38,39,43,45,48,49,51,53,56,58,59,60,61,62,63,65,68,69,70,71,72,73,78,80,86,87,88,89,90,91,92,93,94,95,97,98,99,101},e=431606556595720440615744494022548036682196885288982318845
104^40=>{1,2,3,4,5,6,7,8,9,10,11,12,13,14,15,16,17,18,19,20,21,22,23,24,25,26,27,28,29,31,33,37,41,43,45,46,47,49,51,52,54,59,60,61,64,65,66,68,73,74,75,76,78,79,85,86,87,88,89,90,92,93,97,98,99,103},e=24185771839160419404920412935036400583382460530918856031771
105^40=>{25,26,29,30,31,33,36,37,39,42,45,46,49,50,51,52,53,55,56,60,61,63,64,65,69,72,73,75,77,78,81,83,84,87,88,91,93,94,95,96,97,98,100,104},e=-13430154180135052165784117228924992338471634407997434584
106^40=>{1,2,3,4,5,6,7,8,9,10,11,12,13,14,15,16,17,18,19,20,21,22,23,24,25,26,27,28,30,36,39,40,41,42,43,44,45,46,47,48,49,50,53,54,55,58,60,62,63,64,66,68,69,71,73,74,76,78,79,80,86,87,89,91,92,93,94,95,98,100,101,102,104},e=4067412352687831396527944785841287357968743160484326148767
107^40=>{1,2,3,4,5,6,7,8,9,10,11,12,13,14,15,16,17,18,19,20,21,22,23,24,25,26,27,29,30,33,34,35,36,37,38,42,43,44,46,47,52,54,56,57,59,61,62,63,64,66,67,70,73,74,78,79,82,85,91,95,96,97,100,101,104,105},e=1553653615721245117656976699358256066189323625587699400672
108^40=>{30,34,35,36,42,44,45,46,52,53,54,56,57,60,62,63,64,67,71,73,75,76,78,79,80,81,83,86,87,90,91,94,95,97,98,100,101,103,107},e=-1327332689031756792929830793233561351428964352489076057779
109^40=>{24,28,29,36,41,42,43,46,47,49,50,54,55,57,58,59,60,61,64,65,72,73,75,76,77,79,82,83,87,88,89,91,95,96,97,99,103,104,105,107},e=-1367031704694051488518467785660208785424150008215679607
110^40=>{1,2,3,4,5,6,7,8,9,10,11,12,13,14,15,16,17,18,19,20,21,22,27,30,32,36,39,43,49,51,53,54,55,57,58,59,63,65,66,68,69,70,76,77,79,81,85,86,87,88,92,94,95,96,97,98,101,102,103,104,105,106,107},e=413125749058629633897626642721378296155216395851235998
111^40=>{1,2,3,4,5,6,7,8,9,10,11,12,13,14,15,16,17,18,19,20,21,22,23,24,26,29,30,32,33,34,35,36,37,38,39,41,44,45,47,48,49,50,52,54,55,59,60,62,64,66,68,72,77,78,79,80,81,84,86,88,89,91,95,97,98,99,106,108,109},e=30125040006104504319084028025504614982203297240318543169
112^40=>{26,28,29,32,34,35,36,39,40,41,43,44,46,48,49,50,54,57,58,60,62,65,66,67,69,70,72,74,78,79,81,85,87,88,91,92,95,96,97,98,99,100,102,103,104,107,111},e=-2035663357894261179812765312057912657877228268467194037
113^40=>{1,2,3,4,5,6,7,8,9,10,11,12,13,14,15,16,17,18,19,20,21,22,23,26,27,28,31,32,33,34,35,36,37,38,41,46,47,48,50,51,52,54,55,58,59,60,61,63,64,67,69,72,73,74,76,78,79,80,81,82,83,86,88,89,91,99,102,104,106,108,112},e=1751547170948331097759823815254995701381524745000088064
114^40=>{1,2,3,4,5,6,7,8,9,10,11,12,13,14,15,16,17,18,19,20,21,22,23,24,25,32,35,36,38,39,40,46,47,48,51,54,56,59,61,62,64,70,72,76,77,81,82,84,85,89,91,92,94,95,96,100,101,108,109,113},e=43677600495662369007442880239401338869350083233494198852
115^40=>{23,25,26,28,32,37,42,43,46,47,50,51,58,59,60,62,63,67,68,70,74,75,76,77,78,79,84,85,89,94,95,97,98,99,101,102,107,108,112,113},e=-130252951693172249054538831800216055580258285622659283
116^40=>{24,26,27,31,33,36,40,44,49,54,58,60,62,63,64,65,67,68,69,73,74,76,77,81,88,89,91,92,93,94,96,97,101,102,103,104,108,109,110,115},e=-436989557544731281836134824614506556977070888396799859
117^40=>{24,25,27,30,32,35,38,41,43,45,47,48,49,51,61,66,69,70,74,75,78,79,82,83,85,86,88,89,90,91,93,96,98,100,102,104,109,112,113,115},e=-903969608603029051493979553088015079458323802814641204
118^40=>{23,25,26,31,32,33,35,37,40,42,45,49,50,52,53,54,56,58,60,64,66,69,71,74,75,77,79,80,81,86,87,92,94,96,99,100,101,103,104,105,109,113,114,116},e=-235952146176909802619469226463234881543107355690241558
119^40=>{27,29,30,32,33,34,35,36,37,38,41,43,44,45,46,48,50,53,58,61,62,63,66,67,68,69,70,71,76,78,80,82,85,86,90,91,92,94,95,96,97,98,100,101,102,104,105,107,108,109,110,111,113,114,117},e=-1822009998194936927697985775022598939876014285699994392
120^40=>{1,2,3,4,5,6,7,8,9,10,11,12,13,14,15,16,17,18,19,20,21,22,23,24,26,30,31,33,34,35,36,37,38,39,40,42,45,46,49,51,52,54,55,56,58,63,64,66,69,71,74,78,79,81,83,85,86,87,88,89,90,91,92,93,94,100,101,103,104,105,106,108,111,112,113,116,118},e=799745627198811551591132750100383880686833696173400411
121^40=>{23,25,26,28,29,30,33,34,35,36,41,42,43,45,46,47,48,49,50,52,53,54,57,61,62,65,66,68,69,71,72,75,76,77,82,83,84,85,88,91,93,94,99,102,103,105,109,117,120},e=-41712702843988063697795696495190860885190834647387738
122^40=>{1,2,3,4,5,6,7,8,9,10,11,12,13,14,15,16,17,18,19,20,21,23,26,27,28,30,31,32,34,36,37,38,39,43,45,48,50,57,58,59,61,65,66,67,69,70,71,76,77,80,81,82,86,88,89,90,95,96,97,99,100,105,106,109,111,112,113,114,115,121},e=44811709391790835706699383788042521299799110216180571
123^40=>{1,2,3,4,5,6,7,8,9,10,11,12,13,14,15,16,17,18,19,20,21,23,24,26,31,32,33,34,37,39,42,43,44,46,50,54,55,57,59,60,61,63,68,71,74,77,79,82,83,84,86,87,88,93,95,97,99,102,105,106,107,109,112,114,118,122},e=103758558582197919326127439905260028033551449978598719
124^40=>{1,2,3,4,5,6,7,8,9,10,11,12,13,14,15,16,17,18,19,20,21,22,25,27,28,29,30,31,32,34,39,42,43,45,47,51,52,54,55,59,66,67,70,71,73,75,79,82,83,85,86,87,88,89,90,91,92,95,96,97,98,101,103,107,111,114,116,117,118,120,121},e=156881723000996832817404827706324918894322670929928344
125^40=>{22,26,27,28,30,31,35,38,39,45,47,48,49,50,51,52,53,55,56,57,58,61,62,67,68,70,73,79,80,82,85,87,90,91,98,99,100,102,107,109,111,112,115,119,121,123},e=-32840832953823964551149602991066436312717760637544185
126^40=>{23,29,32,36,37,38,39,40,41,43,45,47,48,49,50,51,55,56,58,59,68,73,74,75,76,78,79,80,82,83,86,88,89,91,94,96,97,98,104,105,107,108,109,111,113,115,117,118,119,120,121,123},e=-79536470395788057978846420277553224101433446925327517
127^40=>{1,2,3,4,5,6,7,8,9,10,11,12,13,14,15,16,17,18,19,20,24,26,27,30,31,34,35,37,39,43,45,46,47,48,50,51,53,57,58,62,63,68,70,71,72,76,77,78,79,82,83,84,85,86,87,88,91,92,100,102,103,105,111,115,116,119,121,122,125},e=1000806653958803883106615920863439129313402637333021
128^40=>{19,20,22,23,24,25,26,28,29,30,31,32,34,39,40,41,42,43,44,45,46,48,50,51,54,55,56,58,59,61,66,67,68,72,74,76,78,81,82,83,85,86,87,89,90,92,93,96,97,98,99,100,101,104,105,106,108,112,113,114,116,118,120,121,122,123,125},e=-307960884948584102983257461836587489039565823644028
129^40=>{20,23,28,29,31,32,34,35,36,41,43,45,54,55,56,59,60,64,65,66,67,68,69,73,75,77,79,81,83,85,87,89,90,91,94,95,101,103,104,105,106,107,112,113,115,116,117,118,121,122,128},e=-2051767462186265080895883917334602869510763171179038
130^40=>{20,21,22,23,24,28,32,33,34,36,37,39,40,41,43,45,46,48,49,50,55,56,59,60,64,65,66,68,70,72,74,75,76,81,82,84,85,96,97,100,103,108,109,111,115,117,120,121,122,123,124,128},e=-982242752117722797587631257928386206265191932078839
131^40=>{1,2,3,4,5,6,7,8,9,10,11,12,13,14,15,16,17,18,19,20,21,24,25,26,27,29,33,34,37,38,39,40,41,42,43,49,50,51,52,53,54,56,60,61,62,65,68,69,72,73,75,76,78,79,85,88,89,90,94,97,99,100,101,102,104,105,106,107,112,113,115,121,122,125,130},e=177095977831562441963537424018165353399616490763418
132^40=>{19,21,23,24,25,27,28,30,33,37,38,39,40,43,45,47,48,50,52,53,54,56,58,59,63,65,66,69,70,73,77,81,85,88,97,101,102,107,108,111,113,116,118,119,121,124,125,131},e=-571391169287617945203834515767512694798249210841213
133^40=>{19,23,25,26,27,29,30,35,36,37,38,41,42,44,45,47,48,49,52,54,58,60,61,63,64,65,67,70,72,74,76,80,84,85,86,87,88,89,90,91,93,94,97,101,104,106,107,108,109,115,118,122,123,128,129,130},e=-265632653922953041083401113918498557260842241119418
134^40=>{1,2,3,4,5,6,7,8,9,10,11,12,13,14,15,16,17,18,19,22,24,25,26,27,28,30,31,33,34,36,37,42,44,45,46,47,50,51,53,54,57,58,59,62,65,67,69,71,72,73,74,75,76,80,81,82,84,85,88,91,93,94,95,97,100,102,103,104,106,107,108,112,117,120,125,129,130,131},e=387306799700411415228034953624475489404923367293689
135^40=>{18,21,22,23,25,26,29,30,31,33,35,36,37,38,40,46,47,50,54,56,58,62,65,66,67,70,72,74,76,79,81,82,84,87,88,89,91,94,97,100,101,102,104,108,110,115,117,118,122,123,127,128,134},e=-20601707472388032491347858892240534111412031849493
136^40=>{18,20,23,24,28,30,32,33,37,38,39,42,44,47,48,49,50,51,53,54,55,58,59,60,63,64,65,66,68,69,70,75,76,79,81,83,84,85,86,87,89,91,92,93,94,100,102,106,107,109,114,115,117,119,121,124,125,128,129,132,133},e=-14744964343955224484740325458960133907471025814623
137^40=>{1,2,3,4,5,6,7,8,9,10,11,12,13,14,15,16,17,18,20,21,22,26,28,30,31,32,33,34,35,37,38,42,43,44,46,48,50,51,52,53,54,56,57,60,61,64,65,66,68,69,76,80,81,84,86,95,96,97,99,100,103,107,109,111,112,115,121,123,124,127,129,130,131,132,133},e=29290129999080561321580317179171448416972668458365
138^40=>{1,2,3,4,5,6,7,8,9,10,11,12,13,14,15,16,18,22,24,26,27,28,32,33,34,36,38,39,40,41,42,45,47,48,51,55,56,59,61,62,64,68,69,71,72,73,76,79,80,81,82,84,85,88,90,92,93,94,95,96,97,98,99,101,102,105,106,108,110,111,113,114,116,117,120,121,122,124,125,126,127,128,129,131,133,135},e=199969700889016047135612823721308896035905531480
