3^40=>{1,2},e=12157664359545301024
4^40=>{1,2,3},e=1208913661948070606149598
5^40=>{1,2,3,4},e=9093738079752001191407127871
6^40=>{1,2,3,4,5},e=13358398382888027504271952323197
7^40=>{1,2,3,4,5,6},e=6353429170214228545110029399594046
8^40=>{1,2,3,4,5,6,7},e=1322847813433312045477434219401490620
9^40=>{1,2,3,4,5,6,7,8},e=146473221236209403615753030305224099069
10^40=>{1,2,3,4,5,6,7,8,9},e=9850855562407517556983586609892457503867
11^40=>{1,2,3,4,5,6,7,8,9,10},e=442443411244167035615877146958861662162268
12^40=>{1,2,3,4,5,6,7,8,9,10,11},e=14234973979571512505325645576411349379820442
13^40=>{1,2,3,4,5,6,7,8,9,10,11,12},e=346028190704721229423591412117450653670188091
14^40=>{1,2,3,4,5,6,7,8,9,10,11,12,13},e=6624027860446357967620253525013276865579004665
15^40=>{1,2,3,4,5,6,7,8,9,10,11,12,13,14},e=103196597138025080130239145445011644827546991738
16^40=>{1,2,3,4,5,6,7,8,9,10,11,12,13,14,15},e=1343551588050127755488460178848583902459553753464
17^40=>{1,2,3,4,5,6,7,8,9,10,11,12,13,14,15,16},e=14938525240168827921914891342947601892124416030713
18^40=>{1,2,3,4,5,6,7,8,9,10,11,12,13,14,15,16,17},e=144420098015640410827863611898568510285225107069687
19^40=>{1,2,3,4,5,6,7,8,9,10,11,12,13,14,15,16,17,18},e=1232391149296584859847666468522657783191021253610136
20^40=>{1,2,3,4,5,6,7,8,9,10,11,12,13,14,15,16,17,18,19},e=9401495217978565582161595466415742931575212377467734
21^40=>{1,2,3,4,5,6,7,8,9,10,11,12,13,14,15,16,17,18,19,20},e=64816757146386922183843029596951940951551961824820535
22^40=>{1,2,3,4,5,6,7,8,9,10,11,12,13,14,15,16,17,18,19,20,21},e=407636545795481534113195487708698765729253028473461109
23^40=>{1,2,3,4,5,6,7,8,9,10,11,12,13,14,15,16,17,18,19,20,21,22},e=2357565827985284051723329532692380782335415723817599158
24^40=>{1,2,3,4,5,6,7,8,9,10,11,12,13,14,15,16,17,18,19,20,21,22,23},e=12627493444703614373251317578134698098382767195534471732
25^40=>{1,2,3,4,5,6,7,8,9,10,11,12,13,14,15,16,17,18,19,20,21,22,23,24},e=63024936116874900545833951903329066989903388036465295605
26^40=>{1,2,3,4,5,6,7,8,9,10,11,12,13,14,15,16,17,18,19,20,21,22,23,24,25},e=294719931995905360132218447687652935308898270414926799731
27^40=>{1,2,3,4,5,6,7,8,9,10,11,12,13,14,15,16,17,18,19,20,21,22,23,24,25,26},e=1297467995131064581424065808800625096976059288835503335380
28^40=>{1,2,3,4,5,6,7,8,9,10,11,12,13,14,15,16,17,18,19,20,21,22,23,24,25,26,27},e=5400443268136291573096133732738005254949693470241623252754
29^40=>{1,2,3,4,5,6,7,8,9,10,11,12,13,14,15,16,17,18,19,20,21,22,23,24,25,26,27,28},e=21333531509379102164347217190799744526585939624392464433203
30^40=>{1,2,3,4,5,6,7,8,9,10,11,12,13,14,15,16,17,18,19,20,21,22,23,24,25,26,27,28,29},e=80256026126126411341851339942849905033567105570163493551601
31^40=>{1,2,3,4,5,6,7,8,9,10,11,12,13,14,15,16,17,18,19,20,21,22,23,24,25,26,27,28,29,30},e=288405231556010057441757431514043828884401260184652101314802
32^40=>{1,2,3,4,5,6,7,8,9,10,11,12,13,14,15,16,17,18,19,20,21,22,23,24,25,26,27,28,29,30,31},e=992738246592955888743907340712818583704935944738467721089776
33^40=>{1,2,3,4,5,6,7,8,9,10,11,12,13,14,15,16,17,18,19,20,21,22,23,24,25,26,27,28,29,30,31,32},e=3281331039313402778245568429376118922167961647451067433994225
34^40=>{1,2,3,4,5,6,7,8,9,10,11,12,13,14,15,16,17,18,19,20,21,22,23,24,25,26,27,28,29,30,31,32,33},e=10438100975167392019315129501556118882457024121629188538850799
35^40=>{1,2,3,4,5,6,7,8,9,10,11,12,13,14,15,16,17,18,19,20,21,22,23,24,25,26,27,28,29,30,31,32,33,34},e=32020446646146882315026399346253725561729810594323443320499472
36^40=>{1,2,3,4,5,6,7,8,9,10,11,12,13,14,15,16,17,18,19,20,21,22,23,24,25,26,27,28,29,30,31,32,33,34,35},e=94898834756881579766073410470811306242254307231598709410401998
37^40=>{1,2,3,4,5,6,7,8,9,10,11,12,13,14,15,16,17,18,19,20,21,22,23,24,25,26,27,28,29,30,31,32,33,34,35,36},e=272168265179859533976518109737882636005873755039345935490848047
38^40=>{1,2,3,4,5,6,7,8,9,10,11,12,13,14,15,16,17,18,19,20,21,22,23,24,25,26,27,28,29,30,31,32,33,34,35,36,37},e=756486405408946717525158643170231520608255528008565308064499821
39^40=>{1,2,3,4,5,6,7,8,9,10,11,12,13,14,15,16,17,18,19,20,21,22,23,24,25,26,27,28,29,30,31,32,33,34,35,36,37,38},e=2040463872311500606386427471488419383800220110374987876858068270
40^40=>{1,2,3,4,5,6,7,8,9,10,11,12,13,14,15,16,17,18,19,20,21,22,23,24,25,26,27,28,29,30,31,32,33,34,35,36,37,38,39},e=5347300566416239335344610450355072709245235903277659550081815468
41^40=>{1,2,3,4,5,6,7,8,9,10,11,12,13,14,15,16,17,18,19,20,21,22,23,24,25,26,27,28,29,30,31,32,33,34,35,36,37,38,39,40},e=13629214189555655809840584132387908221096195175513049655572985069
42^40=>{1,2,3,4,5,6,7,8,9,10,11,12,13,14,15,16,17,18,19,20,21,22,23,24,25,26,27,28,29,30,31,32,33,34,35,36,37,38,39,40,41},e=33816595397521912310680946067786215550029180581574456086253646443
43^40=>{1,2,3,4,5,6,7,8,9,10,11,12,13,14,15,16,17,18,19,20,21,22,23,24,25,26,27,28,29,30,31,32,33,34,35,36,37,38,39,40,41,42},e=81741576778770269344137517681695268898063641977705197108306633292
44^40=>{1,2,3,4,5,6,7,8,9,10,11,12,13,14,15,16,17,18,19,20,21,22,23,24,25,26,27,28,29,30,31,32,33,34,35,36,37,38,39,40,41,42,43},e=192609475390003347232139024987022812114854460422357604357173641866
45^40=>{1,2,3,4,5,6,7,8,9,10,11,12,13,14,15,16,17,18,19,20,21,22,23,24,25,26,27,28,29,30,31,32,33,34,35,36,37,38,39,40,41,42,43,44},e=442621295007963398862125104236396012217870071356538968532699063339
46^40=>{1,2,3,4,5,6,7,8,9,10,11,12,13,14,15,16,17,18,19,20,21,22,23,24,25,26,27,28,29,30,31,32,33,34,35,36,37,38,39,40,41,42,43,44,45},e=992265922222538672113190239429209906801660343681011771218045100265
47^40=>{1,2,3,4,5,6,7,8,9,10,11,12,13,14,15,16,17,18,19,20,21,22,23,24,25,26,27,28,29,30,31,32,33,34,35,36,37,38,39,40,41,42,43,44,45,46},e=2170178540440471646323834717402291104768879553386946882814311908714
48^40=>{1,2,3,4,5,6,7,8,9,10,11,12,13,14,15,16,17,18,19,20,21,22,23,24,25,26,27,28,29,30,31,32,33,34,35,36,37,38,39,40,41,42,43,44,45,46,47},e=4629714991470876006342710383611546582748338152238072299914695670888
49^40=>{1,2,3,4,5,6,7,8,9,10,11,12,13,14,15,16,17,18,19,20,21,22,23,24,25,26,27,28,29,30,31,32,33,34,35,36,37,38,39,40,41,42,43,44,45,46,47,48},e=9629034639549133042808523371392852251128414987932116169722140815337
50^40=>{1,2,3,4,5,6,7,8,9,10,11,12,13,14,15,16,17,18,19,20,21,22,23,24,25,26,27,28,29,30,31,32,33,34,35,36,37,38,39,40,41,42,43,44,45,46,47,48,49},e=19506073622553183170180697403359504649377970485907948677337231919335
51^40=>{1,2,3,4,5,6,7,8,9,10,11,12,13,14,15,16,17,18,19,20,21,22,23,24,25,26,27,28,29,30,31,32,33,34,35,36,37,38,39,40,41,42,43,44,45,46,47,48,49,50},e=38427170804186214113754820363155821831522422334757288397287156371336
52^40=>{1,2,3,4,5,6,7,8,9,10,11,12,13,14,15,16,17,18,19,20,21,22,23,24,25,26,27,28,29,30,31,32,33,34,35,36,37,38,39,40,41,42,43,44,45,46,47,48,49,50,51},e=73437378152840897248109762589994133746220658581214475841518907671110
53^40=>{1,2,3,4,5,6,7,8,9,10,11,12,13,14,15,16,17,18,19,20,21,22,23,24,25,26,27,28,29,30,31,32,33,34,35,36,37,38,39,40,41,42,43,44,45,46,47,48,49,50,51,52},e=135617410085335319874873499269944524212907732736695431899149282776359
54^40=>{1,2,3,4,5,6,7,8,9,10,11,12,13,14,15,16,17,18,19,20,21,22,23,24,25,26,27,28,29,30,31,32,33,34,35,36,37,38,39,40,41,42,43,44,45,46,47,48,49,50,51,52,53},e=240489936525132527545844089192635955225592945825723813299448214744933
55^40=>{1,2,3,4,5,6,7,8,9,10,11,12,13,14,15,16,17,18,19,20,21,22,23,24,25,26,27,28,29,30,31,32,33,34,35,36,37,38,39,40,41,42,43,44,45,46,47,48,49,50,51,52,53,54},e=405127811091117006071138300027581380854015903532686551605584886647206
56^40=>{1,2,3,4,5,6,7,8,9,10,11,12,13,14,15,16,17,18,19,20,21,22,23,24,25,26,27,28,29,30,31,32,33,34,35,36,37,38,39,40,41,42,43,44,45,46,47,48,49,50,51,52,53,54,55},e=635453643127494742641130245661484348059668690253729735769280740234532
57^40=>{1,2,3,4,5,6,7,8,9,10,11,12,13,14,15,16,17,18,19,20,21,22,23,24,25,26,27,28,29,30,31,32,33,34,35,36,37,38,39,40,41,42,43,44,45,46,47,48,49,50,51,52,53,54,55,56},e=888436231468068993570506894442523231185830440637717762128884907057381
58^40=>{1,2,3,4,5,6,7,8,9,10,11,12,13,14,15,16,17,18,19,20,21,22,23,24,25,26,27,28,29,30,31,32,33,34,35,36,37,38,39,40,41,42,43,44,45,46,47,48,49,50,51,52,53,54,55,56,57},e=975213920164521045517738092623419827974919802099505504796182851225955
59^40=>{1,2,3,4,5,6,7,8,9,10,11,12,13,14,15,16,17,18,19,20,21,22,23,24,25,26,27,28,29,30,31,32,33,34,35,36,37,38,39,40,41,42,43,44,45,46,47,48,49,50,51,52,53,54,55,56,57,58},e=332749394959690603518295477667841380191624483887248752830409002974404
60^40=>{50,51,53,55,56,57,58,59},e=-1403606738140927936860264204436645084305427435210525274204430398181
61^40=>{41,47,49,50,51,53,55,57,58,59,60},e=-5328563388008890175063311260948391256925173866466740446455001607
62^40=>{53,58,59,60,61},e=-25640855985867942874331537315326810813756954709289528252567502946403
63^40=>{51,52,57,58,60,61,62},e=-14591485465642604044251640302362320128757347178800655211616874944130
64^40=>{52,54,59,61,62,63},e=-30976932133858192379491328868419709412584467312649578999040232186755
65^40=>{49,55,56,59,62,63,64},e=-4207017964735469301175195913380951736829703449565654319208290954531
66^40=>{42,43,47,52,53,55,57,58,63,64,65},e=-10863368184514592810251146511291753135565664943449113034499706183
67^40=>{51,54,55,56,57,58,59,60,62,63,65,66},e=-17732755734615921230282107668241639683712601433966214400172384258533
68^40=>{52,54,58,60,63,64,66,67},e=-54379821268394273366157858296661926083379399075503022562544415132706
69^40=>{45,52,54,55,59,62,63,65,67,68},e=-181953517064532989552070974989846919637987830713039932556686757381
70^40=>{38,40,41,44,45,46,47,49,51,53,54,55,59,64,66,68,69},e=-220069828052861032468682860291657098326795451919557844157053289
71^40=>{56,59,61,62,63,67,69,70},e=-60878546208934338546615950648036714456256100518154663495672443410756
72^40=>{38,39,42,43,44,45,46,48,49,51,53,54,55,56,58,62,68,70,71},e=-512097042449409716224230450168993702203885214175544044799296840
73^40=>{51,53,56,57,59,61,63,64,65,66,68,71,72},e=-24598178398678055930642553744286402691730080623737294713466398858311
74^40=>{40,41,42,43,45,47,48,49,52,54,59,60,62,63,64,67,69,72,73},e=-1928442808536828472750360248807717076069397649292599038970662890
75^40=>{40,41,42,43,45,49,50,52,54,55,56,57,62,65,66,67,68,69,73,74},e=-4878993813652682005746284689748392722417370024591647531806663465
76^40=>{42,43,44,45,46,47,48,49,55,57,61,62,64,65,67,69,71,72,73,75},e=-32099757692028424352430317927755566448159772619073688062715581965
77^40=>{39,40,41,43,44,45,46,48,49,51,52,53,54,55,56,57,59,60,61,62,64,65,66,69,72,73,74,76},e=-1525132876775687876216033158284996434389465522338664565045603597
78^40=>{36,37,39,41,42,44,45,46,49,51,53,54,56,60,62,63,65,66,67,68,72,76,77},e=-14737166289613937239858243480792555248881602761806885699177419
79^40=>{38,40,42,44,45,46,48,50,54,56,59,60,61,64,65,69,71,73,75,76,78},e=-611001489814539413910646800380935438940710512906646789621425639
80^40=>{38,41,42,43,45,47,49,51,54,55,57,58,60,64,66,67,69,70,71,72,78,79},e=-417090686394254807727182670979574227685425977882900853515009068
81^40=>{39,40,41,42,43,45,49,50,52,53,55,56,59,65,66,67,70,73,74,75,76,78,80},e=-1168587300682431626707239056848966644761716225852348499530072139
82^40=>{38,41,42,43,45,47,48,49,50,51,53,55,57,59,63,64,67,68,70,71,73,80,81},e=-202226264386886989165129880021971258342336023178465198070540367
83^40=>{38,42,43,44,46,49,52,56,57,60,61,64,65,67,70,73,81,82},e=-299802246394984648088076354580869316070223145764427392655266439
84^40=>{44,45,46,52,53,58,60,63,64,65,68,71,75,76,77,79,81,83},e=-81447697869522431353109970834908468677590000251108289974791871338
85^40=>{41,44,45,47,49,54,55,56,57,59,62,64,66,68,70,71,73,74,76,78,80,82,84},e=-2520041335140054598217471733353253372554771733804266267776509544
86^40=>{38,44,45,46,47,48,49,55,58,59,60,61,63,64,66,67,69,70,71,72,73,75,79,81,83,85},e=-51570096000869430047443519017383449926339591819243856889348944
87^40=>{36,38,40,41,43,44,45,46,48,49,51,57,59,60,61,62,63,65,66,67,68,69,70,71,72,73,74,77,79,80,81,84,86},e=-46172385372992787156907773415318517476453303776718360482901776
88^40=>{40,41,44,46,47,48,49,50,57,59,62,66,67,70,77,79,80,82,83,84,85,86},e=-2374652931759090645885885728113370722440920511500228911346829866
89^40=>{36,37,41,44,45,47,48,51,52,53,54,55,59,60,63,65,66,69,70,73,74,81,83,84,85,86,87},e=-601426730788528038223262126690891072140383285622218767386895
90^40=>{36,37,38,39,41,44,45,46,47,48,51,54,55,61,62,65,68,72,75,76,77,79,80,81,82,83,85,86,89},e=-58940054102792544902140323691734553295568588606361863958426448
91^40=>{33,37,39,42,44,46,48,50,51,53,54,57,59,60,63,64,66,68,69,70,71,72,74,75,78,79,82,85,86,87,90},e=-1329350112729380049183320062734366427252316724185519474465549
92^40=>{38,39,40,42,43,45,48,49,51,54,55,58,60,62,64,65,70,71,72,74,75,77,80,81,82,86,89,91},e=-62681621177123703263152120681883384606265080922703598586960269
93^40=>{36,37,41,42,43,44,45,47,50,54,55,56,59,62,64,67,68,69,70,73,74,75,77,78,81,82,87,90,92},e=-90610547736944401069470320204829670973719193650056140812202797
94^40=>{34,35,38,41,44,45,49,50,51,53,54,55,56,57,61,62,64,66,67,72,76,77,78,81,84,87,89,90,93},e=-2315935259716777857732884285320229796842578886249885481140623
95^40=>{36,38,40,41,43,45,46,47,50,53,54,57,58,60,66,68,69,70,72,74,75,76,77,79,80,85,87,89,91,92,93},e=-1747041418654425648117948979108580321831127464230583517389998
96^40=>{34,35,38,40,43,44,46,47,48,49,51,52,53,54,56,57,58,60,62,64,71,72,73,75,77,78,82,83,85,89,93,95},e=-2758657851609195190303524175445161443820540107903640550001200
97^40=>{34,35,36,37,40,43,45,46,52,53,57,58,59,60,62,63,66,67,69,72,75,76,78,80,81,82,83,87,91,93,94,95},e=-7073923220446846975384006344400440941477281877814902038726224
98^40=>{30,32,33,35,36,38,39,40,41,43,48,54,55,56,57,60,63,64,69,71,73,74,77,79,81,82,85,87,88,89,95,97},e=-21521487785279097325853921307935009866165713439448200589299
99^40=>{30,31,33,35,37,38,40,41,47,50,52,53,54,56,57,58,59,61,62,66,67,70,71,72,76,81,82,85,87,88,89,90,91,92,95,98},e=-70438638859817505711920965399360159732968496681520888520177
100^40=>{33,34,41,43,44,46,47,48,49,50,52,53,54,55,57,59,60,61,63,64,66,68,69,72,73,75,78,79,81,83,86,87,95,96,99},e=-3207859938089649103677103296646908106021090514155602789724180
101^40=>{34,37,38,39,41,43,44,48,50,51,52,58,60,62,63,67,68,69,70,71,72,73,74,75,76,77,78,79,80,81,84,85,86,90,91,98,100},e=-9380791918415539431987116240255071820829413373362820938703
102^40=>{32,33,39,42,43,44,50,51,52,58,59,60,62,63,64,65,67,68,73,74,75,77,78,79,81,85,86,87,89,91,92,93,94,95,96,99,100},e=-326086229369076784449049902991277860478532575659069248726804
103^40=>{27,31,33,34,36,38,39,43,45,48,49,51,53,56,58,59,60,61,62,63,65,68,69,70,71,72,73,78,80,86,87,88,89,90,91,92,93,94,95,97,98,99,101},e=-865861438535344140808321314778077060293862403546521016535
104^40=>{30,31,33,37,41,43,45,46,47,49,51,52,54,59,60,61,64,65,66,68,73,74,75,76,78,79,85,86,87,88,89,90,92,93,97,98,99,103},e=-56070254286965991936930927007813504450184645039244637519830
105^40=>{25,26,29,30,31,33,36,37,39,42,45,46,49,50,51,52,53,55,56,60,61,63,64,65,69,72,73,75,77,78,81,83,84,87,88,91,93,94,95,96,97,98,100,104},e=-13430154180135052165784117228924992338471634407997434584
106^40=>{29,30,36,39,40,41,42,43,44,45,46,47,48,49,50,53,54,55,58,60,62,63,64,66,68,69,71,73,74,76,78,79,80,86,87,89,91,92,93,94,95,98,100,101,102,104},e=-17266119156691270767819272404958457168617196463908138284436
107^40=>{29,30,31,34,36,39,41,42,43,44,47,48,54,56,58,59,61,62,63,64,65,67,70,71,72,73,75,76,78,82,87,88,89,92,93,94,95,99,101,102,106},e=-3641251492799094005179843711740422143445644602750059598035
108^40=>{30,34,35,36,42,44,45,46,52,53,54,56,57,60,62,63,64,67,71,73,75,76,78,79,80,81,83,86,87,90,91,94,95,97,98,100,101,103,107},e=-1327332689031756792929830793233561351428964352489076057779
109^40=>{25,26,27,28,29,31,34,36,41,42,43,45,46,47,49,50,51,52,55,57,60,61,62,63,65,69,71,74,76,77,78,81,82,84,86,87,89,91,92,96,98,99,100,102,104,105,107},e=-32685090929586214558915142938683424399805920643368676888
110^40=>{23,27,30,32,36,39,43,49,51,53,54,55,57,58,59,63,65,66,68,69,70,76,77,79,81,85,86,87,88,92,94,95,96,97,98,101,102,103,104,105,106,107},e=-1944440078926654417825702889971002486180199327966363160
111^40=>{25,26,29,30,32,33,34,35,36,37,38,39,41,44,45,47,48,49,50,52,54,55,59,60,62,64,66,68,72,77,78,79,80,81,84,86,88,89,91,95,97,98,99,106,108,109},e=-32899896110770396226749923877824452007700090796146752436
112^40=>{26,28,29,32,34,35,36,39,40,41,43,44,46,48,49,50,54,57,58,60,62,65,66,67,69,70,72,74,78,79,81,85,87,88,91,92,95,96,97,98,99,100,102,103,104,107,111},e=-2035663357894261179812765312057912657877228268467194037
113^40=>{24,26,27,28,31,32,33,34,35,36,37,38,41,46,47,48,50,51,52,54,55,58,59,60,61,63,64,67,69,72,73,74,76,78,79,80,81,82,83,86,88,89,91,99,102,104,106,108,112},e=-10875946273755283275491493762879702397001242450534383668
114^40=>{26,31,32,34,35,36,39,41,43,44,45,46,47,50,54,60,61,62,64,68,69,71,73,75,76,77,78,80,82,85,87,89,92,93,94,97,99,102,104,105,106,108,109,110,111},e=-90207595459490227534142992587315220057443930799965469110
115^40=>{24,26,27,30,31,34,36,37,39,40,41,42,44,45,46,50,53,54,55,57,59,61,63,68,69,71,76,79,81,83,86,87,89,92,94,95,98,100,106,108,110,114},e=-12375982828811176145001337330953068486582615984683913459
116^40=>{26,29,35,38,39,41,44,47,49,50,53,54,56,57,59,62,65,68,69,70,71,73,74,79,85,88,90,92,95,96,99,100,102,103,106,112,115},e=-40985463210483196396259935765052058548918626300408084627
117^40=>{26,28,31,32,34,36,40,42,43,44,45,47,49,52,53,57,58,60,62,63,65,66,68,70,71,73,77,79,80,81,82,85,87,89,91,93,95,96,99,101,103,105,106,108,110,111,116},e=-83730303685367937910167947052784745347572952315394030936
118^40=>{25,31,33,39,40,41,42,44,45,46,48,49,50,52,53,54,55,59,60,61,62,63,64,71,73,75,78,79,81,82,83,85,86,91,92,93,95,97,98,99,104,106,108,110,113,117},e=-21026597969987313249364654227877462248662146089432239610
119^40=>{27,29,30,32,33,34,35,36,37,38,41,43,44,45,46,48,50,53,58,61,62,63,66,67,68,69,70,71,76,78,80,82,85,86,90,91,92,94,95,96,97,98,100,101,102,104,105,107,108,109,110,111,113,114,117},e=-1822009998194936927697985775022598939876014285699994392
120^40=>{24,26,29,30,33,34,35,38,39,40,44,45,46,47,48,51,53,57,59,60,65,67,68,69,70,72,73,74,75,76,77,79,80,86,87,90,91,92,95,98,99,101,104,106,107,108,109,110,111,112,115,116,117},e=-9964643637289573042845208461203311979791592729483686715
121^40=>{24,25,27,28,30,32,36,37,39,41,47,48,51,53,55,56,57,60,62,65,66,68,69,71,73,74,75,76,78,79,80,82,84,85,86,88,90,93,94,96,97,98,99,101,104,107,108,117,120},e=-2325732543755266481373170349186147717881301837047738838
