27^40=>{1,2,3,4,5,6,7,8,9,10,11,12,13,14,15,16,17,18,19,20,21,22,23,24,25,26},e=1297467995131064581424065808800625096976059288835503335380
28^40=>{1,2,3,4,5,6,7,8,9,10,11,12,13,14,15,16,17,18,19,20,21,22,23,24,25,26,27},e=5400443268136291573096133732738005254949693470241623252754
29^40=>{1,2,3,4,5,6,7,8,9,10,11,12,13,14,15,16,17,18,19,20,21,22,23,24,25,26,27,28},e=21333531509379102164347217190799744526585939624392464433203
30^40=>{1,2,3,4,5,6,7,8,9,10,11,12,13,14,15,16,17,18,19,20,21,22,23,24,25,26,27,28,29},e=80256026126126411341851339942849905033567105570163493551601
31^40=>{1,2,3,4,5,6,7,8,9,10,11,12,13,14,15,16,17,18,19,20,21,22,23,24,25,26,27,28,29,30},e=288405231556010057441757431514043828884401260184652101314802
32^40=>{1,2,3,4,5,6,7,8,9,10,11,12,13,14,15,16,17,18,19,20,21,22,23,24,25,26,27,28,29,30,31},e=992738246592955888743907340712818583704935944738467721089776
33^40=>{1,2,3,4,5,6,7,8,9,10,11,12,13,14,15,16,17,18,19,20,21,22,23,24,25,26,27,28,29,30,31,32},e=3281331039313402778245568429376118922167961647451067433994225
34^40=>{1,2,3,4,5,6,7,8,9,10,11,12,13,14,15,16,17,18,19,20,21,22,23,24,25,26,27,28,29,30,31,32,33},e=10438100975167392019315129501556118882457024121629188538850799
35^40=>{1,2,3,4,5,6,7,8,9,10,11,12,13,14,15,16,17,18,19,20,21,22,23,24,25,26,27,28,29,30,31,32,33,34},e=32020446646146882315026399346253725561729810594323443320499472
36^40=>{1,2,3,4,5,6,7,8,9,10,11,12,13,14,15,16,17,18,19,20,21,22,23,24,25,26,27,28,29,30,31,32,33,34,35},e=94898834756881579766073410470811306242254307231598709410401998
37^40=>{1,2,3,4,5,6,7,8,9,10,11,12,13,14,15,16,17,18,19,20,21,22,23,24,25,26,27,28,29,30,31,32,33,34,35,36},e=272168265179859533976518109737882636005873755039345935490848047
38^40=>{1,2,3,4,5,6,7,8,9,10,11,12,13,14,15,16,17,18,19,20,21,22,23,24,25,26,27,28,29,30,31,32,33,34,35,36,37},e=756486405408946717525158643170231520608255528008565308064499821
39^40=>{1,2,3,4,5,6,7,8,9,10,11,12,13,14,15,16,17,18,19,20,21,22,23,24,25,26,27,28,29,30,31,32,33,34,35,36,37,38},e=2040463872311500606386427471488419383800220110374987876858068270
40^40=>{1,2,3,4,5,6,7,8,9,10,11,12,13,14,15,16,17,18,19,20,21,22,23,24,25,26,27,28,29,30,31,32,33,34,35,36,37,38,39},e=5347300566416239335344610450355072709245235903277659550081815468
41^40=>{1,2,3,4,5,6,7,8,9,10,11,12,13,14,15,16,17,18,19,20,21,22,23,24,25,26,27,28,29,30,31,32,33,34,35,36,37,38,39,40},e=13629214189555655809840584132387908221096195175513049655572985069
42^40=>{1,2,3,4,5,6,7,8,9,10,11,12,13,14,15,16,17,18,19,20,21,22,23,24,25,26,27,28,29,30,31,32,33,34,35,36,37,38,39,40,41},e=33816595397521912310680946067786215550029180581574456086253646443
43^40=>{1,2,3,4,5,6,7,8,9,10,11,12,13,14,15,16,17,18,19,20,21,22,23,24,25,26,27,28,29,30,31,32,33,34,35,36,37,38,39,40,41,42},e=81741576778770269344137517681695268898063641977705197108306633292
44^40=>{1,2,3,4,5,6,7,8,9,10,11,12,13,14,15,16,17,18,19,20,21,22,23,24,25,26,27,28,29,30,31,32,33,34,35,36,37,38,39,40,41,42,43},e=192609475390003347232139024987022812114854460422357604357173641866
45^40=>{1,2,3,4,5,6,7,8,9,10,11,12,13,14,15,16,17,18,19,20,21,22,23,24,25,26,27,28,29,30,31,32,33,34,35,36,37,38,39,40,41,42,43,44},e=442621295007963398862125104236396012217870071356538968532699063339
46^40=>{1,2,3,4,5,6,7,8,9,10,11,12,13,14,15,16,17,18,19,20,21,22,23,24,25,26,27,28,29,30,31,32,33,34,35,36,37,38,39,40,41,42,43,44,45},e=992265922222538672113190239429209906801660343681011771218045100265
60^40=>{50,51,53,55,56,57,58,59},e=-1403606738140927936860264204436645084305427435210525274204430398181
61^40=>{41,47,49,50,51,53,55,57,58,59,60},e=-5328563388008890175063311260948391256925173866466740446455001607
62^40=>{53,58,59,60,61},e=-25640855985867942874331537315326810813756954709289528252567502946403
63^40=>{51,52,57,58,60,61,62},e=-14591485465642604044251640302362320128757347178800655211616874944130
64^40=>{52,54,59,61,62,63},e=-30976932133858192379491328868419709412584467312649578999040232186755
65^40=>{49,55,56,59,62,63,64},e=-4207017964735469301175195913380951736829703449565654319208290954531
66^40=>{42,43,47,52,53,55,57,58,63,64,65},e=-10863368184514592810251146511291753135565664943449113034499706183
67^40=>{51,54,55,56,57,58,59,60,62,63,65,66},e=-17732755734615921230282107668241639683712601433966214400172384258533
68^40=>{1,2,3,4,5,6,7,8,9,10,11,12,13,14,15,16,17,18,19,20,21,22,23,24,25,26,27,28,29,30,31,32,33,34,35,36,37,38,39,40,41,42,43,44,45,46,47,48,49,50,51,54,58,60,63,64,66,67},e=19057556884446623881951904293332207662841259505711453278974492538404
69^40=>{45,52,54,55,59,62,63,65,67,68},e=-181953517064532989552070974989846919637987830713039932556686757381
70^40=>{38,40,41,44,45,46,47,49,51,53,54,55,59,64,66,68,69},e=-220069828052861032468682860291657098326795451919557844157053289
71^40=>{1,2,3,4,5,6,7,8,9,10,11,12,13,14,15,16,17,18,19,20,21,22,23,24,25,26,27,28,29,30,31,32,33,34,35,36,37,38,39,40,41,42,43,44,45,46,47,48,49,50,51,52,54,55,56,61,62,63,64,65,66,69,70},e=12001717493894671053950799078552784514033110579280770331946993487426
72^40=>{47,49,54,55,60,65,66,67,70,71},e=-212761000520303996119612403055839447719328909918223386263715605030
73^40=>{1,2,3,4,5,6,7,8,9,10,11,12,13,14,15,16,17,18,19,20,21,22,23,24,25,26,27,28,29,30,31,32,33,34,35,36,37,38,39,40,41,42,43,44,45,46,47,48,49,50,53,56,57,59,61,63,64,65,66,68,71,72},e=13828992405508158183112266618869419139792341711019993683820757513025
74^40=>{40,41,42,43,45,47,48,49,52,54,59,60,62,63,64,67,69,72,73},e=-1928442808536828472750360248807717076069397649292599038970662890
75^40=>{1,2,3,4,5,6,7,8,9,10,11,12,13,14,15,16,17,18,19,20,21,22,23,24,25,26,27,28,29,30,31,32,33,34,35,36,37,38,39,40,41,42,43,44,45,46,47,49,50,54,55,57,58,61,62,63,64,66,69,70,71,72,74},e=954299268271669858037413250808829204157717960329498188221339923074
76^40=>{1,2,3,4,5,6,7,8,9,10,11,12,13,14,15,16,17,18,19,20,21,22,23,24,25,26,27,28,29,30,31,32,33,34,35,36,37,38,39,40,41,42,43,44,45,46,47,48,49,50,51,52,53,55,57,60,62,64,71,74,75},e=58138837661098631139572255340850361689166791861155471310244717109953
77^40=>{1,2,3,4,5,6,7,8,9,10,11,12,13,14,15,16,17,18,19,20,21,22,23,24,25,26,27,28,29,30,31,32,33,34,35,36,37,38,40,41,43,44,45,46,48,49,51,52,53,54,55,56,57,59,60,61,62,64,65,66,69,72,73,74,76},e=515330995535812730170394313203422949410754588036323311812464673
78^40=>{49,50,55,57,58,59,61,62,64,65,66,73,74,75,77},e=-681190687557692248251615106434158823567454165637981686784129194185
79^40=>{1,2,3,4,5,6,7,8,9,10,11,12,13,14,15,16,17,18,19,20,21,22,23,24,25,26,27,28,29,30,31,32,33,34,35,36,37,38,39,40,41,42,43,44,47,48,50,51,53,58,64,65,66,68,69,70,72,77,78},e=219933046785780547260686781842125492499884578442806150674033358853
80^40=>{1,2,3,4,5,6,7,8,9,10,11,12,13,14,15,16,17,18,19,20,21,22,23,24,25,26,27,28,29,30,31,32,33,34,35,36,37,38,39,40,41,42,43,46,49,50,55,57,58,59,60,62,64,68,70,73,78,79},e=93357476780480813126529721566307862681476187945197616456550008804
81^40=>{1,2,3,4,5,6,7,8,9,10,11,12,13,14,15,16,17,18,19,20,21,22,23,24,25,26,27,28,29,30,31,32,33,34,35,36,37,38,39,40,41,42,43,44,45,46,47,48,49,50,51,52,54,61,64,65,68,69,72,74,77,78,80},e=16459826768398718881412479835796514665284726937171774137189809575075
82^40=>{50,51,52,53,55,56,58,59,65,67,72,75,76,77,79,81},e=-6251246709442940473230715629714454458840128588265218180337182070986
83^40=>{51,53,57,58,60,61,62,64,65,66,67,68,71,72,74,79,80,82},e=-1634011075873897296739414482457983970240726460968114347298887072039
84^40=>{54,55,56,57,61,62,63,65,68,71,73,80,81,83},e=-116936057364471807825867712838667889944183862985461103748654911142985
85^40=>{41,44,45,47,49,54,55,56,57,59,62,64,66,68,70,71,73,74,76,78,80,82,84},e=-2520041335140054598217471733353253372554771733804266267776509544
86^40=>{1,2,3,4,5,6,7,8,9,10,11,12,13,14,15,16,17,18,19,20,21,22,23,24,25,26,27,28,29,30,31,32,33,34,35,36,37,38,39,40,41,42,43,47,52,53,54,55,58,61,62,64,65,70,71,74,75,79,81,83,85},e=92420836243587112765067395555980813025662373351014191291011103903
87^40=>{1,2,3,4,5,6,7,8,9,10,11,12,13,14,15,16,17,18,19,20,21,22,23,24,25,26,27,28,29,30,31,32,33,34,35,36,37,38,39,40,41,42,43,44,46,47,48,49,52,54,55,56,60,64,65,66,67,68,69,70,71,72,73,74,77,79,80,81,84,86},e=42393416652359800579991298444461485982296283972014632600737365344
88^40=>{1,2,3,4,5,6,7,8,9,10,11,12,13,14,15,16,17,18,19,20,21,22,23,24,25,26,27,28,29,30,31,32,33,34,35,36,37,38,39,40,44,45,47,48,49,53,58,59,61,62,64,65,67,71,72,73,74,76,79,80,82,83,84,85,86},e=4269426574163788027990936355922019818142702255200428282838237823
89^40=>{55,56,57,58,60,61,63,65,66,68,70,72,74,75,77,78,80,83,84,85,86,87},e=-118495768835229020405024938204710665732803263397953040139493565157289
90^40=>{1,2,3,4,5,6,7,8,9,10,11,12,13,14,15,16,17,18,19,20,21,22,23,24,25,26,27,28,29,30,31,32,33,34,35,36,40,41,42,48,51,56,58,60,61,62,63,64,65,66,67,72,75,76,77,79,80,81,82,83,85,86,89},e=85428538119570734633284498348617425310042304226642663712729825
91^40=>{1,2,3,4,5,6,7,8,9,10,11,12,13,14,15,16,17,18,19,20,21,22,23,24,25,26,27,28,29,30,31,32,33,34,35,36,37,38,39,40,41,42,43,44,45,46,47,49,50,51,52,55,56,61,62,63,65,66,68,70,73,75,76,80,81,82,83,86,87,88,89},e=157217337194419341444050578999840837081039087332725657195477550845
92^40=>{1,2,3,4,5,6,7,8,9,10,11,12,13,14,15,16,17,18,19,20,21,22,23,24,25,26,27,28,29,30,31,32,33,34,35,36,37,38,39,40,41,49,52,53,54,56,62,63,64,68,70,73,74,75,76,78,79,80,81,82,83,85,86,88,89,90},e=10587640844510133032254491696159225382482603204391556082132199073
93^40=>{45,46,47,48,51,53,55,56,57,59,60,61,62,64,69,70,71,72,75,78,79,80,81,84,86,87,89,90,91},e=-126574718115855978827230094934863061465367161988710119401547599471
94^40=>{46,47,48,50,54,56,59,63,65,66,70,71,75,77,78,80,82,83,85,86,89,90,93},e=-128500061116024286472900322615838757775944903640194338641082431115
95^40=>{1,2,3,4,5,6,7,8,9,10,11,12,13,14,15,16,17,18,19,20,21,22,23,24,25,26,27,28,29,30,31,32,33,34,35,36,37,38,39,40,41,42,43,44,45,46,49,52,53,54,55,56,57,58,59,60,61,63,64,67,68,71,73,75,80,81,86,87,90,91,94},e=649852862145246151437336036487465912173330865928158470439258357468
96^40=>{1,2,3,4,5,6,7,8,9,10,11,12,13,14,15,16,17,18,19,20,21,22,23,24,25,26,27,28,29,30,31,32,33,34,35,36,37,38,39,40,41,42,43,44,45,46,47,48,49,50,53,55,56,57,60,63,64,65,66,67,69,70,73,74,76,80,82,84,87,88,89,92,93,94},e=13216596364825765984670460960332648201307470372390092543327625374492
97^40=>{1,2,3,4,5,6,7,8,9,10,11,12,13,14,15,16,17,18,19,20,21,22,23,24,25,26,27,28,29,30,31,32,33,34,35,36,37,38,39,40,41,42,43,44,45,46,49,51,52,56,57,59,66,67,69,73,75,77,78,79,80,81,84,86,88,92,93,96},e=460315097817780474443476113208981434387263476276680591000690591294
98^40=>{48,50,53,54,55,62,63,64,65,66,69,70,75,76,77,78,82,83,85,86,88,93,94,97},e=-1131049054187285582412176697728182073060563183954508836338765578667
99^40=>{35,36,39,41,43,44,48,49,51,57,60,61,63,65,66,67,69,74,76,81,82,83,84,90,91,93,95,98},e=-6538156822587289934618480101880835614211122778073317390496272
100^40=>{50,53,58,60,62,63,64,66,68,70,72,73,74,78,79,84,87,91,92,93,94,95,99},e=-6363180788178997935056237110363150538598711608417340720389874136969
101^40=>{45,51,52,53,55,57,58,59,60,63,64,65,69,72,73,76,77,80,82,83,85,86,87,90,93,97,98,99},e=-174405390218573788521580524680931193396584837106944642428535556720
102^40=>{51,52,54,56,57,66,67,70,71,74,77,78,79,80,81,82,85,86,87,88,92,99,101},e=-7029778300539749486135282611230089600467405712041345424134844852619
103^40=>{38,39,40,43,44,45,47,48,50,55,56,59,60,63,65,67,69,70,71,72,76,77,80,81,82,84,86,87,88,89,90,91,95,96,99,102},e=-229919572888114935602836416337327394092387169251245634498043025
104^40=>{45,46,47,52,54,55,56,59,60,61,63,64,65,67,68,69,70,71,72,75,77,78,79,80,81,84,85,86,87,89,90,91,93,95,96,99,101,102},e=-21200337585292756683791943673559422743519284036861388527129406102
105^40=>{43,44,45,46,48,49,52,53,57,61,64,72,74,76,77,79,80,85,87,88,92,94,95,96,98,99,102,103},e=-29951989703835473971137493235413865857819092239439032619314570924
106^40=>{1,2,3,4,5,6,7,8,9,10,11,12,13,14,15,16,17,18,19,20,21,22,23,24,25,26,27,28,29,30,31,32,33,34,35,36,37,38,39,40,41,42,43,44,45,46,47,48,49,50,51,52,53,54,55,56,60,62,63,65,66,72,75,77,79,80,81,82,83,85,86,88,91,93,94,96,99,102,105},e=395345838057953877185804991629808233770357314636291315158753103479864
107^40=>{1,2,3,4,5,6,7,8,9,10,11,12,13,14,15,16,17,18,19,20,21,22,23,24,25,26,27,28,29,30,31,32,33,34,35,36,37,38,39,40,41,42,43,44,45,46,47,50,52,59,66,67,68,71,75,79,80,83,84,85,87,88,91,92,94,95,96,98,102,104,105},e=951110489446404102948134056734946528616966614608713030993755364670
108^40=>{57,58,59,60,62,63,66,67,68,73,74,77,78,80,84,85,90,91,93,94,95,96,98,100,104,107},e=-41627327949381496270233691447036721274754008417193237476282172480619
109^40=>{50,52,54,58,60,61,62,64,65,66,67,68,69,72,74,79,81,83,84,88,89,91,92,93,96,97,100,103,104,108},e=-1286893595138352614354317877842049881131094144343658791495037455275
110^40=>{43,48,51,53,54,55,56,58,62,63,67,68,69,73,74,75,76,77,78,80,82,84,85,88,93,94,96,98,99,101,103,105,106,108},e=-21508381770056736734397046045909959709938428068101007623270568304
111^40=>{53,55,57,58,59,60,64,66,74,76,77,78,80,86,87,92,93,94,95,98,99,101,103,104,105,106,107,108},e=-3568407581370299056297457685981812181882457024172847444076129756972
112^40=>{1,2,3,4,5,6,7,8,9,10,11,12,13,14,15,16,17,18,19,20,21,22,23,24,25,26,27,28,29,30,31,32,33,34,35,36,37,38,39,40,41,42,43,44,45,47,50,51,52,53,54,55,56,58,59,60,63,67,69,70,73,74,75,76,77,78,80,81,83,89,90,91,92,96,100,103,104,105,109,110},e=283418966846965464518630055876428529710245126150075829950996635415
113^40=>{47,51,52,54,59,64,65,69,70,71,72,78,79,82,83,85,88,89,90,93,94,97,98,99,100,101,105,106,107,109,111},e=-629441945292626208811078223907949986533898941742041027625845015249
114^40=>{50,51,52,53,55,58,64,65,66,68,71,72,75,77,79,80,81,83,85,86,88,90,92,95,96,99,103,104,106,107,108,113},e=-9271376089213438666018022119742596268891780393324564983631162506448
115^40=>{1,2,3,4,5,6,7,8,9,10,11,12,13,14,15,16,17,18,19,20,21,22,23,24,25,26,27,28,29,30,31,32,33,34,35,36,37,38,39,40,41,42,43,44,46,48,49,50,51,54,55,58,63,66,69,70,71,72,74,75,77,78,81,82,87,90,91,92,97,100,102,105,109,112,113},e=176132527685956619905703978371118115474007169498492450636071030940
116^40=>{1,2,3,4,5,6,7,8,9,10,11,12,13,14,15,16,17,18,19,20,21,22,23,24,25,26,27,28,29,30,31,32,33,34,35,36,37,38,39,40,41,42,43,44,45,46,47,49,55,56,57,58,59,64,67,68,69,70,71,73,74,81,82,83,84,85,87,90,91,92,93,95,96,99,104,107,108,110,111,112,113},e=1570174356262327714557103537707918781321948604656948938266020440885
117^40=>{1,2,3,4,5,6,7,8,9,10,11,12,13,14,15,16,17,18,19,20,21,22,23,24,25,26,27,28,29,30,31,32,33,34,35,36,37,38,39,40,41,42,43,44,52,55,57,58,60,62,63,64,65,66,67,71,73,75,76,79,80,81,84,89,95,96,97,99,101,102,104,105,110,112,116},e=164405320784798827626124573099307236499982977936014229028747855067
118^40=>{45,49,57,60,63,65,67,69,71,72,76,78,79,82,84,85,86,87,90,93,94,96,97,98,100,101,103,105,107,108,110,111,113,114,115},e=-156603791484805207215196011258440298532361166223633748087789433300
119^40=>{44,46,49,53,54,56,57,58,61,62,63,67,68,69,71,73,78,79,80,81,82,87,89,95,96,100,101,104,105,107,109,114,115,117},e=-33108759310489259890235452303443569116818980582351877762382558003
120^40=>{1,2,3,4,5,6,7,8,9,10,11,12,13,14,15,16,17,18,19,20,21,22,23,24,25,26,27,28,29,30,31,32,33,34,35,36,37,38,39,40,41,42,43,44,45,46,47,48,49,50,51,54,65,66,67,68,69,71,73,75,76,77,78,82,83,84,85,86,87,89,90,92,94,95,96,97,98,99,101,103,104,105,107,109,111,113,114,115,118},e=10907029070960664589769615400422715164071095806099820955161079552528
121^40=>{46,49,57,60,64,66,67,70,71,75,76,84,85,88,89,94,99,100,101,104,107,108,117,120},e=-430333068321331523703430662810898932748481556066357282505170041642
122^40=>{43,47,49,51,53,54,55,56,67,69,71,77,80,82,83,85,89,90,94,95,96,99,100,103,106,107,110,114,117,121},e=-16609674335313297569071208295367658569304683125954359476580042547
123^40=>{37,39,40,41,43,45,46,49,50,54,59,61,62,63,66,68,69,72,73,75,76,77,78,83,84,86,87,91,92,93,94,97,101,105,106,109,110,118,119,121},e=-76062536531704193699175124679117187085144993689658057438588758
124^40=>{42,48,50,51,52,54,55,56,57,58,63,66,67,69,70,76,77,78,80,81,82,83,90,91,92,93,95,99,104,108,111,113,117,118,123},e=-13157583133463257559349311629486745684507284299524345955843039953
125^40=>{1,2,3,4,5,6,7,8,9,10,11,12,13,14,15,16,17,18,19,20,21,22,23,24,25,26,27,28,29,30,31,32,33,34,35,36,37,38,39,40,41,42,43,44,49,50,53,55,57,58,59,60,61,62,63,67,70,73,74,76,78,82,88,89,91,93,94,95,96,97,98,100,101,107,109,110,112,113,114,115,118,121,123},e=154677236602163531633472458849428987605832734007572791075732416758
126^40=>{1,2,3,4,5,6,7,8,9,10,11,12,13,14,15,16,17,18,19,20,21,22,23,24,25,26,27,28,29,30,31,32,33,34,35,36,37,38,39,40,41,42,43,44,45,46,47,48,49,50,57,59,63,64,66,68,71,72,73,74,76,79,80,81,82,83,86,90,92,94,97,98,99,102,103,105,106,107,108,110,113,115,117,118,119,121,124},e=11927834685471872797381502324103925499852107878551862013950810532629
127^40=>{58,62,65,66,68,69,71,73,74,82,86,87,91,92,96,99,101,103,105,106,110,113,114,117,118,119,123,125},e=-108937042794438419920445697865501086280289266760897850353652905793198
128^40=>{57,58,62,63,64,66,68,70,71,72,73,77,78,80,81,83,84,86,87,91,92,101,104,105,108,109,111,114,116,118,119,123,124,125},e=-333653846404641708986810192084742880802447380586673163674021759453104
129^40=>{44,45,46,47,50,53,54,55,57,58,59,60,62,63,65,66,68,69,71,72,73,74,75,78,81,82,84,86,89,90,93,94,96,97,98,99,100,101,102,105,109,113,115,116,119,121,122,123,124,126},e=-66569695027711495085593368177544539672199113504346009136735747064
130^40=>{47,48,50,52,58,59,61,64,66,67,70,71,72,74,78,79,81,85,87,89,93,94,99,100,104,105,107,110,111,112,113,114,116,118,119,121,122,123,126,127},e=-107697850515462631327664154937878736376994198112797684682381620884
131^40=>{1,2,3,4,5,6,7,8,9,10,11,12,13,14,15,16,17,18,19,20,21,22,23,24,25,26,27,28,29,30,31,32,33,34,35,36,37,38,39,40,41,42,45,46,54,55,56,57,65,66,67,69,70,71,74,76,78,79,80,82,86,90,91,92,93,96,97,98,99,105,106,107,110,112,113,115,116,117,123,125,130},e=3311670364031033009997999333229249798412999941707615038437712089
132^40=>{51,53,56,58,65,67,69,70,73,75,78,81,82,84,87,88,89,91,92,93,94,95,97,98,100,105,106,113,115,120,122,123,125,127,130},e=-528051479358172431259038124283393426813928739226832387984649218324
133^40=>{51,54,59,60,62,64,65,66,69,72,73,74,76,79,83,87,90,94,98,99,100,101,102,104,106,107,108,109,111,112,113,114,118,119,121,124,126,127,128,130},e=-3775208169030031734180044000672770293516989452046375386457436785584
134^40=>{43,44,45,50,51,60,61,62,68,70,71,72,73,74,76,77,82,83,84,85,87,88,90,93,96,99,101,102,104,108,109,111,112,114,116,119,120,121,122,123,124,125,127,128,129,130},e=-31713585993953409868734943612075523417480796130934491243747740661
135^40=>{46,47,48,50,52,55,56,57,58,59,66,67,70,74,75,77,82,83,84,86,88,92,93,94,95,97,98,99,101,102,103,107,108,110,111,113,115,117,119,120,122,123,125,128,130,133},e=-84496457511286520207612307595066297089992944257959560326981011286
136^40=>{39,44,45,46,52,54,59,60,61,63,64,70,71,72,73,74,75,79,84,85,86,87,88,91,94,97,98,100,102,103,104,105,106,107,109,110,113,116,120,121,124,125,128,129,132,133},e=-35708802606132941945141988527179901619883612437914692272530710
137^40=>{1,2,3,4,5,6,7,8,9,10,11,12,13,14,15,16,17,18,19,20,21,22,23,24,25,26,27,28,29,30,31,32,33,34,35,36,37,38,39,42,43,44,47,49,51,54,57,61,63,66,67,72,75,76,77,79,81,84,85,87,88,90,91,93,96,97,99,100,103,105,106,113,114,117,118,120,122,123,124,125,126,128,130,131,132,133},e=206891035855157127054686067566446106810279179660281835659973555
138^40=>{52,54,56,58,62,64,65,66,68,70,71,73,74,75,76,78,80,81,85,86,87,88,89,90,94,96,99,100,105,107,109,110,112,116,117,118,119,120,121,122,124,125,126,128,129,130,131,132,135},e=-19529068676901248082417591158582114080867657566893745132975014844435
139^40=>{41,44,46,47,50,51,52,55,56,57,58,59,63,64,67,69,71,73,74,77,78,80,83,84,87,92,93,94,97,101,102,103,104,105,106,107,108,109,110,111,115,116,120,121,123,124,125,126,130,135,137},e=-5903888022423114850512077848079734539725294411434947106392359515
140^40=>{48,49,51,57,58,62,65,67,69,73,75,76,77,78,80,81,83,86,88,91,92,94,95,96,99,103,105,106,107,113,116,117,125,127,130,131,132,139},e=-218976137747179761086801964253267625221681219132640997678838315831
141^40=>{1,2,3,4,5,6,7,8,9,10,11,12,13,14,15,16,17,18,19,20,21,22,23,24,25,26,27,28,29,30,31,32,33,34,35,36,37,38,39,40,41,42,43,44,45,46,47,49,50,54,55,56,58,59,61,62,66,68,70,72,76,77,78,81,84,91,104,107,108,109,110,112,113,116,120,130,131,132,135,136,138},e=1334078945424559382800441051976065466009131114451868118580356429661
142^40=>{43,44,47,53,55,56,57,58,60,61,63,65,66,68,70,72,74,75,77,79,80,81,83,84,85,88,90,91,93,94,95,97,98,99,101,102,103,107,108,109,110,112,113,114,115,117,119,128,129,130,136,141},e=-35046283318347900383720138397554271631984572583244783288345778589
143^40=>{1,2,3,4,5,6,7,8,9,10,11,12,13,14,15,16,17,18,19,20,21,22,23,24,25,26,27,28,29,30,31,32,33,34,35,36,37,38,39,40,41,43,45,46,51,52,56,57,59,63,65,66,67,69,71,72,73,75,76,77,80,82,83,85,87,89,92,94,95,101,103,107,111,112,115,122,124,125,127,128,130,131,132,136,137,138,139},e=15435148528491659299332154313610952828201175100861573265837459856
144^40=>{1,2,3,4,5,6,7,8,9,10,11,12,13,14,15,16,17,18,19,20,21,22,23,24,25,26,27,28,29,30,31,32,33,34,35,36,37,38,39,40,41,42,43,44,45,46,47,48,49,50,52,55,57,58,60,61,62,67,69,72,73,79,80,81,85,86,89,91,92,93,94,96,99,101,102,103,104,105,106,107,108,109,113,114,116,121,124,125,128,129,130,131,135,138,139,141},e=10412920368765980788001254409620265036919963260247849339624119637773
145^40=>{1,2,3,4,5,6,7,8,9,10,11,12,13,14,15,16,17,18,19,20,21,22,23,24,25,26,27,28,29,30,31,32,33,34,35,36,37,38,39,40,41,42,43,44,45,46,47,48,49,52,53,57,58,60,64,66,68,70,77,79,81,88,89,90,92,94,95,98,100,102,106,107,108,110,112,113,115,118,121,125,126,129,130,133,134,138,144},e=7857012881541204499243403043997413829103963317170356185166631092506
146^40=>{1,2,3,4,5,6,7,8,9,10,11,12,13,14,15,16,17,18,19,20,21,22,23,24,25,26,27,28,29,30,31,32,33,34,35,36,37,38,39,40,41,42,43,44,45,46,47,48,50,52,53,54,56,58,60,67,68,69,70,71,73,76,77,78,81,88,89,90,91,93,95,97,98,102,104,105,107,110,113,114,115,117,118,119,121,123,125,128,132,133,135,142,144},e=2221238482378273112182860666471106596288909294469350109852072282577
147^40=>{45,46,49,51,52,53,55,56,58,59,60,63,66,75,76,78,79,81,82,84,86,87,91,92,93,94,96,99,100,101,102,103,104,106,107,108,110,111,116,117,118,119,123,126,129,130,132,133,134,137,139,146},e=-84745402056063128298517681608333862732251955792101718272467722744
148^40=>{46,47,50,51,52,53,54,56,58,60,63,64,66,67,69,73,77,79,80,81,83,91,93,95,98,100,101,104,105,106,109,110,113,114,120,125,127,131,132,133,137,139,141,143,145},e=-133735360304262337366607089735978875100084372473366039094060227259
149^40=>{42,43,45,50,51,54,55,56,57,59,60,61,63,67,69,72,73,74,76,78,80,82,84,87,88,92,94,95,96,99,100,104,106,107,112,113,114,115,116,117,118,119,121,126,129,130,131,135,136,137,138,140,143,147},e=-10282641910234185634483778558447008703199223580726931854192987417
150^40=>{54,58,59,62,63,65,66,68,69,70,72,73,74,75,77,79,80,81,85,86,87,90,92,95,97,99,100,101,102,105,106,107,110,111,112,119,120,127,129,130,134,136,137,138,139,140,143,144,147},e=-13301794165812851038044354177769085230363117995299768817454402095961
151^40=>{47,50,51,53,55,57,59,61,62,63,64,67,69,70,74,76,80,81,84,86,87,89,90,91,92,95,96,98,100,101,104,105,109,112,114,115,117,119,122,123,128,131,133,134,136,139,147,149},e=-212689791173158579690342888645843833027268837271461917708332511738
152^40=>{1,2,3,4,5,6,7,8,9,10,11,12,13,14,15,16,17,18,19,20,21,22,23,24,25,26,27,28,29,30,31,32,33,34,35,36,37,38,39,40,41,42,43,46,48,49,51,52,54,56,57,65,66,67,68,69,71,73,74,76,83,85,87,92,95,97,99,102,103,104,105,106,107,108,113,115,116,118,119,121,124,125,128,130,131,133,135,136,137,138,139,141,142,146,150},e=7558272982475822058281762019348467281300718033868127220623568398
153^40=>{1,2,3,4,5,6,7,8,9,10,11,12,13,14,15,16,17,18,19,20,21,22,23,24,25,26,27,28,29,30,31,32,33,34,35,36,37,38,39,40,41,42,43,44,45,46,47,49,51,53,54,55,56,58,59,60,61,63,66,67,69,70,71,75,77,80,83,86,87,88,89,91,94,95,96,97,98,103,104,106,110,113,114,115,117,119,120,121,123,124,128,130,135,136,139,142,145,147,151},e=163051295083652883201353077095688374920286661752725239697661385323
154^40=>{1,2,3,4,5,6,7,8,9,10,11,12,13,14,15,16,17,18,19,20,21,22,23,24,25,26,27,28,29,30,31,32,33,34,35,36,37,38,39,40,41,42,43,44,45,51,54,59,60,62,63,64,66,70,75,77,79,84,85,86,87,88,89,92,94,95,99,104,107,108,112,113,114,119,123,128,133,134,135,136,137,139,140,141,144,145,146,147,148,149},e=468333689493761237282787618304691991841774974601852019820361672178
155^40=>{1,2,3,4,5,6,7,8,9,10,11,12,13,14,15,16,17,18,19,20,21,22,23,24,25,26,27,28,29,30,31,32,33,34,35,36,37,38,39,40,41,42,43,44,46,48,49,50,51,52,55,56,57,63,65,71,76,77,78,79,80,81,84,85,86,87,89,90,91,94,95,96,97,98,99,101,103,105,106,107,109,112,114,115,117,122,127,128,130,131,133,138,139,140,141,145,146,154},e=207548228702849598352534494773704406750717551166782505218773213197
156^40=>{1,2,3,4,5,6,7,8,9,10,11,12,13,14,15,16,17,18,19,20,21,22,23,24,25,26,27,28,29,30,31,32,33,34,35,36,37,38,39,40,41,42,43,44,45,46,47,48,49,50,52,53,59,60,63,64,67,68,69,70,71,72,73,74,75,77,78,82,84,85,86,91,93,94,96,97,98,99,101,102,106,107,110,111,112,114,116,117,119,121,122,123,125,126,127,129,130,132,133,137,139,140,143,144,148,155},e=3112288719238811179177756411650548760155828048173841302598524619914
157^40=>{1,2,3,4,5,6,7,8,9,10,11,12,13,14,15,16,17,18,19,20,21,22,23,24,25,26,27,28,29,30,31,32,33,34,35,36,37,38,39,40,41,42,43,44,45,46,47,48,49,52,57,61,64,66,68,69,72,74,76,84,85,87,93,94,95,98,99,100,101,102,106,109,110,111,114,116,117,118,119,120,121,122,123,125,127,130,134,135,137,141,145,147,148,149,150,151,152},e=3623345714798149965942291358260230843430445368781946952512357173648
158^40=>{50,51,55,56,57,58,59,63,64,66,67,69,71,73,74,75,76,81,83,85,86,88,90,92,95,96,97,98,99,101,102,104,105,106,109,113,114,117,122,124,125,127,128,129,130,131,132,139,140,141,144,146,147,148,150,151,152,153},e=-437523917733459748722309859434900886840279600271223738927163737246
159^40=>{1,2,3,4,5,6,7,8,9,10,11,12,13,14,15,16,17,18,19,20,21,22,23,24,25,26,27,28,29,30,31,32,33,34,35,36,37,38,39,40,42,43,44,46,47,48,49,50,51,53,54,57,58,59,61,64,65,68,69,71,72,73,74,76,77,79,80,84,85,86,87,88,89,92,93,95,96,97,98,99,100,101,103,108,111,113,115,116,118,121,122,124,128,133,148,152,158},e=1033991066330901832118030886747043742168297990258481752015590769
160^40=>{1,2,3,4,5,6,7,8,9,10,11,12,13,14,15,16,17,18,19,20,21,22,23,24,25,26,27,28,29,30,31,32,33,34,35,36,37,38,39,40,41,42,43,44,45,46,47,48,49,50,51,52,54,55,61,64,66,68,69,70,72,73,74,75,76,77,78,80,82,84,85,86,87,89,90,92,94,95,96,97,99,100,101,102,103,107,108,110,111,112,115,118,119,121,124,126,127,130,137,142,144,151,152,153,154,156},e=5857249047452298400614282443406331028665579348770305728778808891215
