3^4=>{1,2},e=64
4^4=>{1,2,3},e=158
5^4=>{1,2,3,4},e=271
6^4=>{1,2,3,4,5},e=317
7^4=>{1,2,3,4,5,6},e=126
8^4=>{1,2,3,4,6,7},e=45
9^4=>{3,7,8},e=-17
10^4=>{1,2,3,4,5,7,9},e=59
11^4=>{1,2,4,6,7,8,9},e=14
12^4=>{3,8,9,10},e=-2
13^4=>{1,2,6,7,8,12},e=15
14^4=>{2,5,7,11,12},e=-3
15^4=>{1,4,6,8,9,14},e=-1
16^4=>{2,4,11,15},e=-2
17^4=>{2,6,7,8,9,10,12,14},e=-1
18^4=>{6,11,14,15},e=-2
19^4=>{2,3,6,8,10,12,13,16},e=-1
20^4=>{2,8,9,10,11,12,14,16},e=-2
21^4=>{2,3,4,6,7,8,10,12,15,18},e=-2
22^4=>{2,3,4,8,10,12,13,16,18},e=-2
23^4=>{4,6,8,11,14,15,16,18},e=-1
24^4=>{2,6,15,23},e=-2
25^4=>{3,4,5,12,14,16,18,20},e=-1
26^4=>{4,6,8,9,10,12,16,17,18,20},e=-2
27^4=>{6,8,10,12,16,18,19,21},e=-1
28^4=>{4,6,8,12,14,15,18,20,22},e=-1
29^4=>{2,4,5,6,10,16,18,19,20,22},e=-1
30^4=>{1,8,12,16,18,28},e=-1
31^4=>{4,14,17,18,19,22,24},e=-1
32^4=>{4,6,8,12,16,22,24,25},e=-1
33^4=>{4,10,12,16,17,20,22,23,24},e=-1
34^4=>{2,4,6,8,10,14,15,20,26,28},e=-1
35^4=>{3,4,8,12,14,16,17,18,20,22,24,26},e=-1
36^4=>{4,8,14,16,22,24,25,28},e=-1
37^4=>{2,8,15,18,20,22,24,26,27},e=-1
38^4=>{6,8,12,18,20,24,25,26,28},e=-1
39^4=>{4,5,6,8,12,14,16,18,20,22,23,24,26,28},e=-1
40^4=>{4,10,12,15,18,20,24,26,28,30},e=-1
41^4=>{1,2,12,24,28,30,32},e=0
42^4=>{2,4,10,12,20,24,26,28,29,30},e=-1
43^4=>{2,4,6,8,10,14,16,18,20,24,26,28,29,31},e=-1
44^4=>{1,2,3,5,7,8,9,10,11,12,13,14,15,16,17,18,19,21,22,23,25,26,29,31},e=1
45^4=>{1,8,24,36,38},e=0
46^4=>{1,2,3,5,6,7,9,11,13,15,16,17,19,20,21,25,27,29,31,33},e=0
47^4=>{1,3,5,7,9,10,11,13,15,17,18,19,21,22,23,25,27,29,31,33},e=0
48^4=>{1,2,3,5,6,8,9,11,13,14,15,16,17,18,19,21,22,23,24,25,27,29,31,33},e=0
49^4=>{1,2,3,5,6,7,8,9,11,13,14,15,16,17,18,19,21,23,24,25,27,29,31,37},e=0
50^4=>{1,3,5,7,9,10,11,12,13,14,15,16,18,19,20,21,23,24,25,26,27,28,29,31,33},e=0
51^4=>{1,3,5,7,9,11,13,14,15,17,19,21,23,25,26,27,28,29,30,31,35},e=0
52^4=>{1,3,7,9,10,11,12,13,14,15,17,18,19,20,21,22,23,24,25,26,27,28,29,30,31,33},e=0
53^4=>{1,2,3,5,6,7,9,11,12,13,14,15,16,17,18,20,21,23,24,25,26,27,29,30,31,33,35},e=0
54^4=>{1,2,3,4,5,9,10,11,12,13,15,17,19,20,21,22,23,24,25,26,27,28,29,30,31,33,34},e=0
