3^5=>{1,2},e=210
4^5=>{1,2,3},e=748
5^5=>{1,2,3,4},e=1825
6^5=>{1,2,3,4,5},e=3351
7^5=>{1,2,3,4,5,6},e=4606
8^5=>{1,2,3,4,5,6,7},e=3760
9^5=>{1,2,3,4,6,7,8},e=398
10^5=>{1,2,3,6,8,9},e=131
11^5=>{1,2,3,5,6,7,8,10},e=299
12^5=>{1,4,5,6,7,9,11},e=-1
13^5=>{1,2,3,4,7,8,9,10,11},e=318
14^5=>{3,5,6,7,10,11,12},e=-10
15^5=>{2,5,6,7,8,11,14},e=-8
16^5=>{1,3,4,6,8,9,11,12,14},e=8
17^5=>{3,4,6,8,9,11,12,13,14},e=-3
18^5=>{4,9,11,13,14,15},e=-48
19^5=>{5,8,10,11,15,17},e=-77
20^5=>{1,2,4,5,6,8,9,12,13,19},e=1
21^5=>{7,8,10,11,12,16,19},e=-32
22^5=>{4,5,7,16,21},e=-1
23^5=>{1,7,8,14,15,18,20},e=0
24^5=>{4,5,7,8,10,12,14,16,18,21},e=-1
25^5=>{2,3,7,10,13,14,15,17,19,21},e=-6
26^5=>{2,3,7,9,11,12,14,15,16,17,19,22},e=-1
27^5=>{5,6,10,11,12,14,16,19,25},e=-1
28^5=>{1,2,3,8,11,13,14,16,17,19,20,24},e=0
29^5=>{3,5,6,7,8,9,12,14,16,17,18,20,21,24},e=-1
30^5=>{1,2,3,4,7,13,16,17,18,22,23,24},e=0
31^5=>{1,2,7,9,14,15,16,17,19,24,27},e=0
32^5=>{1,2,3,5,7,8,10,15,19,20,21,22,24,25},e=0
33^5=>{1,4,5,7,8,10,11,14,16,17,18,19,20,21,23,24,25},e=0
34^5=>{1,2,3,4,5,7,8,9,10,11,13,17,18,19,20,22,23,25,27},e=0
35^5=>{1,3,5,7,8,9,10,13,17,19,21,24,25,26,27},e=0
36^5=>{1,3,4,6,7,9,10,11,14,16,19,21,22,24,25,26,28},e=0
37^5=>{1,3,5,6,7,8,9,10,11,12,13,15,18,20,21,22,23,24,25,26,28},e=0
38^5=>{1,2,6,7,11,12,13,14,16,21,22,23,24,25,26,27,28},e=0
39^5=>{1,3,6,7,8,9,13,14,16,17,18,20,21,23,24,25,26,28,30},e=0
40^5=>{1,2,3,5,6,7,8,9,12,13,14,15,17,18,19,20,21,22,23,24,26,27,28,30},e=0
41^5=>{1,3,4,6,7,9,10,11,12,13,15,16,17,18,21,22,23,24,25,27,28,29,30},e=0
42^5=>{1,2,4,9,10,11,12,13,14,16,17,18,20,21,22,23,24,25,26,27,28,29,30},e=0
43^5=>{1,4,7,8,11,14,18,19,20,21,24,25,26,27,28,29,30,31},e=0
44^5=>{1,2,5,7,8,9,10,13,16,17,20,21,22,23,25,26,27,29,30,31,32},e=0
45^5=>{1,2,4,6,9,10,13,14,15,16,18,22,23,24,25,26,27,28,29,30,31,32},e=0
46^5=>{1,3,5,6,7,8,10,14,15,17,19,21,23,24,25,26,27,29,30,31,32,33},e=0
47^5=>{1,2,4,5,6,9,10,12,14,16,18,19,21,22,23,24,25,26,27,28,29,30,31,32,33},e=0
48^5=>{1,3,7,8,13,15,17,18,20,22,23,24,25,26,27,29,30,31,32,33,34},e=0
49^5=>{1,4,5,9,10,11,13,15,17,18,22,23,24,25,26,27,28,29,30,31,32,34,35},e=0
50^5=>{1,6,7,9,13,15,18,19,20,21,22,23,24,25,26,27,29,30,31,32,33,34,35},e=0
