3^5=>{1,2},e=210
4^5=>{1,2,3},e=748
5^5=>{1,2,3,4},e=1825
6^5=>{1,2,3,4,5},e=3351
7^5=>{1,2,3,4,5,6},e=4606
8^5=>{1,2,3,4,5,6,7},e=3760
9^5=>{1,2,3,4,6,7,8},e=398
10^5=>{1,2,3,6,8,9},e=131
11^5=>{1,2,3,5,6,7,8,10},e=299
12^5=>{4,5,6,7,9,11},e=0
13^5=>{1,2,3,4,7,8,9,10,11},e=318
14^5=>{3,5,6,7,10,11,12},e=-10
15^5=>{2,5,6,7,8,11,14},e=-8
16^5=>{1,3,4,6,8,9,11,12,14},e=8
17^5=>{3,4,6,8,9,11,12,13,14},e=-3
18^5=>{1,2,3,4,5,6,7,8,9,10,12,13,16},e=42
19^5=>{5,8,10,11,15,17},e=-77
20^5=>{1,2,4,5,6,8,9,12,13,19},e=1
21^5=>{7,8,10,11,12,16,19},e=-32
22^5=>{4,5,7,16,21},e=-1
23^5=>{1,7,8,14,15,18,20},e=0
24^5=>{4,5,6,7,8,9,10,11,14,18,22},e=0
25^5=>{2,3,7,10,13,14,15,17,19,21},e=-6
26^5=>{2,3,7,9,11,12,14,15,16,17,19,22},e=-1
27^5=>{5,6,10,11,12,14,16,19,25},e=-1
28^5=>{2,3,5,6,7,8,9,12,13,16,17,18,19,20,23},e=0
29^5=>{4,5,7,9,10,18,19,21,26},e=0
30^5=>{1,2,3,4,7,13,16,17,18,22,23,24},e=0
31^5=>{2,3,4,6,8,9,12,13,16,17,21,22,23,25},e=0
32^5=>{2,5,7,9,13,16,18,20,21,22,24,25},e=0
33^5=>{1,4,5,7,8,10,11,14,16,17,18,19,20,21,23,24,25},e=0
34^5=>{3,10,14,16,17,18,19,20,22,24,25,26},e=0
35^5=>{7,8,9,12,13,17,18,20,21,22,23,24,25,26},e=0
36^5=>{2,5,6,9,11,12,15,16,18,19,20,21,22,23,24,25,28},e=0
37^5=>{1,3,5,6,7,8,9,10,11,12,13,15,18,20,21,22,23,24,25,26,28},e=0
38^5=>{2,3,7,8,9,10,13,14,15,16,17,20,21,23,24,25,26,27,28},e=0
39^5=>{2,3,4,5,6,8,9,12,13,15,17,18,19,21,22,25,26,27,28,29},e=0
40^5=>{2,4,5,6,8,11,12,15,17,18,19,20,21,23,24,25,26,27,28,29},e=0
41^5=>{1,3,4,6,7,9,10,11,12,13,15,16,17,18,21,22,23,24,25,27,28,29,30},e=0
42^5=>{1,2,4,9,10,11,12,13,14,16,17,18,20,21,22,23,24,25,26,27,28,29,30},e=0
43^5=>{1,4,7,8,11,14,18,19,20,21,24,25,26,27,28,29,30,31},e=0
44^5=>{1,2,5,7,8,9,10,13,16,17,20,21,22,23,25,26,27,29,30,31,32},e=0
45^5=>{1,2,4,6,9,10,13,14,15,16,18,22,23,24,25,26,27,28,29,30,31,32},e=0
46^5=>{2,3,6,7,10,11,14,16,18,19,20,23,24,25,26,27,29,30,31,32,33},e=0
47^5=>{1,2,4,5,6,9,10,12,14,16,18,19,21,22,23,24,25,26,27,28,29,30,31,32,33},e=0
48^5=>{4,6,10,12,13,14,15,16,17,18,19,20,21,23,24,25,26,27,28,30,31,32,33,34},e=0
49^5=>{1,4,5,9,10,11,13,15,17,18,22,23,24,25,26,27,28,29,30,31,32,34,35},e=0
50^5=>{1,6,7,9,13,15,18,19,20,21,22,23,24,25,26,27,29,30,31,32,33,34,35},e=0
51^5=>{2,3,7,8,9,10,14,15,16,17,18,20,21,22,23,24,25,26,27,28,29,30,31,32,33,35,36},e=0
52^5=>{5,7,8,13,15,16,17,19,20,22,24,25,26,27,28,29,30,31,32,33,34,35,36},e=0
53^5=>{3,4,5,6,7,8,9,12,13,16,17,18,19,20,21,22,23,24,26,27,28,29,30,31,33,34,35,36,37},e=0
54^5=>{2,4,5,7,10,13,14,15,17,18,20,21,22,23,24,26,27,28,29,30,31,32,33,34,35,36,38},e=0
55^5=>{2,7,10,11,13,14,19,20,21,22,23,24,25,26,27,28,29,30,31,33,34,35,36,37,38},e=0
56^5=>{1,3,4,7,10,11,13,16,17,18,20,21,22,23,24,25,26,27,29,30,31,32,33,34,35,37,38,39},e=0
57^5=>{1,2,3,6,8,10,11,13,16,18,19,22,23,24,25,26,27,28,30,31,32,33,34,35,36,37,38,39},e=0
58^5=>{3,5,6,7,8,9,10,12,13,16,17,18,19,20,22,23,24,25,26,27,28,30,31,32,33,34,36,37,38,39,40},e=0
59^5=>{1,3,5,6,9,14,16,17,18,19,20,21,22,24,25,27,28,29,30,31,32,33,34,35,36,37,38,39,40},e=0
60^5=>{1,3,5,6,9,10,12,14,18,20,21,22,24,25,26,27,28,29,30,31,32,33,34,35,37,38,39,40,41},e=0
61^5=>{2,3,4,5,6,7,11,12,13,16,18,19,21,23,24,26,27,28,29,30,31,32,33,34,35,36,37,38,39,40,42},e=0
62^5=>{2,3,5,6,7,8,9,11,14,15,18,19,21,22,24,25,26,27,28,29,30,31,32,33,34,36,37,38,39,40,41,42},e=0
63^5=>{2,4,5,11,13,15,19,20,21,22,23,24,25,26,27,28,29,30,31,32,33,34,35,36,37,38,39,40,41,43},e=0
64^5=>{2,3,4,8,9,10,11,12,14,15,16,17,18,20,21,22,24,25,27,28,29,30,31,33,34,35,36,37,38,39,40,41,42,43},e=0
65^5=>{2,3,4,6,7,8,10,11,12,14,15,16,17,18,20,21,22,23,24,25,26,28,29,30,31,32,33,34,35,36,37,38,39,40,42,43,44},e=0
66^5=>{5,6,7,11,13,14,17,18,20,22,23,25,26,27,28,29,31,32,33,34,35,36,37,38,39,40,41,42,43,44},e=0
67^5=>{2,5,8,10,12,13,14,15,18,19,20,23,24,25,26,27,28,29,30,31,32,33,34,35,36,37,38,39,40,42,43,44,45},e=0
68^5=>{1,5,7,9,12,14,17,18,19,21,22,24,25,27,28,29,30,31,32,33,34,35,36,37,38,39,40,41,42,43,44,45},e=0
69^5=>{6,7,9,11,12,14,16,17,18,19,21,22,23,25,26,27,29,30,31,32,33,34,35,36,37,38,40,41,42,43,44,45,46},e=0
70^5=>{4,5,7,8,9,11,12,16,18,19,20,21,22,23,24,25,26,27,28,29,30,31,32,33,34,35,36,37,38,39,40,41,42,43,44,45,46},e=0
71^5=>{1,3,5,7,8,12,15,18,19,21,22,23,24,25,27,28,29,30,31,32,33,34,35,36,37,38,40,41,42,43,44,45,46,47},e=0
72^5=>{1,6,7,8,12,13,17,18,19,22,23,24,25,26,27,29,30,31,32,33,34,35,36,37,38,39,40,41,42,43,44,45,47,48},e=0
