3^6=>{1,2},e=664
4^6=>{1,2,3},e=3302
5^6=>{1,2,3,4},e=10735
6^6=>{1,2,3,4,5},e=26141
7^6=>{1,2,3,4,5,6},e=50478
8^6=>{1,2,3,4,5,6,7},e=77324
9^6=>{1,2,3,4,5,6,7,8},e=84477
10^6=>{1,2,3,4,5,6,7,8,9},e=21595
11^6=>{8,9,10},e=-22024
12^6=>{1,2,3,4,5,6,7,10,11},e=29603
13^6=>{3,6,8,9,10,12},e=-145
14^6=>{1,2,4,5,7,8,9,11,13},e=146
15^6=>{5,8,9,10,11,12,13},e=-2939
16^6=>{1,2,3,4,6,7,8,10,12,13,14},e=3548
17^6=>{5,7,8,13,14,15},e=-4819
18^6=>{4,7,11,12,13,14,16},e=-627
19^6=>{1,2,3,10,12,14,15,17},e=1373
20^6=>{5,6,7,10,12,14,15,16,17},e=-860
21^6=>{5,6,8,12,14,16,17,18},e=-833
22^6=>{4,9,10,11,14,16,21},e=-67
23^6=>{3,5,7,10,12,17,18,21},e=-12
24^6=>{4,7,9,14,15,17,18,22},e=-68
25^6=>{1,2,3,5,6,7,8,9,10,12,13,15,16,17,18,23},e=0
26^6=>{1,2,6,12,14,15,16,17,18,20,23},e=12
27^6=>{1,4,6,9,12,15,19,20,22,23},e=12
28^6=>{1,2,4,5,6,7,9,12,13,15,16,18,20,21,22,23},e=0
29^6=>{1,2,4,5,9,10,11,12,13,15,18,21,22,23,24},e=1
30^6=>{1,2,5,6,9,10,12,13,14,15,17,18,20,24,27},e=1
31^6=>{1,3,5,6,9,11,16,17,18,19,20,21,22,24,26},e=1
32^6=>{1,2,3,6,8,9,10,11,15,16,20,21,23,24,25,26},e=0
33^6=>{1,3,4,5,6,7,8,9,10,12,13,14,17,21,24,25,30},e=8
34^6=>{1,3,4,8,9,11,12,13,15,16,18,19,21,22,24,25,26,28},e=-1
35^6=>{1,2,3,5,7,8,12,17,19,20,23,24,25,27,30},e=0
36^6=>{1,3,4,5,6,10,12,13,14,15,18,19,20,27,30,31},e=0
37^6=>{1,3,6,7,8,9,11,14,18,19,20,21,22,24,26,27,29,30},e=0
38^6=>{1,3,4,6,10,12,13,18,19,21,23,24,25,26,27,28,32},e=0
39^6=>{1,5,6,9,13,18,19,20,23,24,25,27,29,30,32},e=0
40^6=>{1,5,8,9,12,13,17,18,24,25,26,29,30,31,32},e=0
41^6=>{1,6,11,16,18,19,21,23,24,25,26,27,29,30,31,32},e=0
42^6=>{1,5,6,9,10,13,20,23,25,27,30,32,33,34},e=0
43^6=>{1,4,5,6,9,11,12,15,18,22,23,28,29,30,32,33,35},e=0
44^6=>{1,4,6,7,9,10,19,20,21,22,24,29,30,31,32,33,36},e=0
45^6=>{1,3,5,7,10,12,15,17,18,20,21,24,26,30,33,34,35,36},e=0
46^6=>{1,6,8,10,12,14,15,20,21,24,25,27,28,30,31,32,33,35,36},e=0
47^6=>{1,3,4,5,7,10,11,13,15,16,19,20,21,22,23,24,25,27,28,29,30,31,32,33,35,37},e=0
48^6=>{1,3,4,5,6,7,9,10,13,14,15,16,17,19,21,22,24,25,26,27,28,31,33,34,35,36,37},e=0
49^6=>{1,2,4,8,10,11,12,13,15,16,17,20,22,24,26,28,29,31,34,35,36,37,38},e=0
50^6=>{1,2,3,7,9,11,13,14,15,16,18,19,20,21,23,25,26,28,29,30,31,32,33,35,36,37,38},e=0
51^6=>{1,3,5,7,8,10,11,12,13,14,17,18,21,23,24,25,27,28,29,30,31,33,34,35,37,38,39},e=0
52^6=>{1,3,5,7,10,13,14,15,16,19,20,21,23,24,25,26,28,29,30,31,33,34,35,36,37,38,39},e=0
