3^7=>{1,2},e=2058
4^7=>{1,2,3},e=14068
5^7=>{1,2,3,4},e=59425
6^7=>{1,2,3,4,5},e=183111
7^7=>{1,2,3,4,5,6},e=446782
8^7=>{1,2,3,4,5,6,7},e=896848
9^7=>{1,2,3,4,5,6,7,8},e=1485513
10^7=>{1,2,3,4,5,6,7,8,9},e=1919575
11^7=>{1,2,3,4,5,6,7,8,9,10},e=1406746
12^7=>{1,2,3,4,5,6,7,9,10,11},e=361364
13^7=>{1,2,3,4,5,6,8,9,11,12},e=172656
14^7=>{8,9,12,13},e=-46942
15^7=>{1,2,3,4,5,10,11,12,14},e=30067
16^7=>{1,2,3,4,5,6,9,10,11,13,15},e=180663
17^7=>{1,2,3,4,5,6,7,9,10,11,12,13,14,15},e=15025
18^7=>{1,2,4,5,8,10,11,12,14,15,16},e=928
19^7=>{1,2,6,7,10,12,13,14,16,17},e=173
20^7=>{6,9,11,12,13,14,15,16,18},e=-58768
21^7=>{5,8,10,12,13,17,20},e=-5734
22^7=>{4,8,11,12,14,15,16,18,20},e=-2994
23^7=>{1,2,3,4,5,8,9,10,11,14,15,16,17,18,21},e=5749
24^7=>{1,2,3,7,10,11,15,17,19,20,21},e=66
25^7=>{4,6,7,9,10,12,13,17,19,20,23},e=-3391
26^7=>{3,5,7,8,9,11,12,16,21,22,23},e=-111
27^7=>{2,3,9,12,13,15,17,19,21,22,24},e=-46
28^7=>{1,2,3,4,5,6,9,10,15,17,19,22,23,25},e=35
29^7=>{1,2,4,6,8,10,11,12,16,21,22,24,26},e=244
30^7=>{1,2,6,7,12,13,19,20,25,28},e=191
31^7=>{1,2,4,5,7,11,12,13,14,17,19,21,24,25,28},e=416
32^7=>{3,6,7,8,9,10,12,14,19,23,26,30},e=-93
33^7=>{2,3,7,9,10,13,14,18,20,22,23,24,25,27,28},e=-2
34^7=>{1,4,5,6,8,9,10,11,12,13,14,15,16,22,24,29,31},e=14
35^7=>{1,3,4,6,11,12,14,18,19,20,22,25,26,29,31},e=4
36^7=>{3,4,6,7,8,10,14,15,17,18,19,20,22,23,25,28,30,31},e=-12
37^7=>{2,3,4,6,15,19,20,21,23,29,31,33},e=-1
38^7=>{1,2,3,4,6,13,15,16,18,19,20,21,23,24,25,28,29,30,33},e=2
39^7=>{1,2,3,7,9,12,14,15,16,18,19,21,22,23,24,27,29,33,34},e=4
40^7=>{1,3,5,9,12,14,16,17,18,20,21,22,25,28,39},e=0
41^7=>{4,5,6,10,12,13,15,16,17,18,21,22,24,25,28,29,34,37},e=-1
42^7=>{2,3,4,6,7,8,10,11,15,16,19,20,22,24,25,27,28,29,33,34,36},e=-1
43^7=>{1,3,4,6,8,11,13,16,18,19,22,24,27,29,31,32,36,37},e=0
44^7=>{1,2,3,4,7,8,9,10,11,15,17,20,26,27,29,32,34,41},e=0
45^7=>{1,2,4,5,7,8,10,11,12,15,16,19,22,24,26,27,31,32,33,36,40},e=0
46^7=>{1,2,3,4,6,8,9,12,14,16,18,19,20,22,24,25,28,29,30,32,34,35,36,39},e=0
47^7=>{1,2,3,6,7,8,11,12,14,17,20,21,23,25,26,30,31,32,33,34,35,36,40},e=0
48^7=>{1,2,6,9,12,13,14,15,16,17,18,19,20,21,26,27,29,30,31,34,35,36,39,40},e=0
49^7=>{1,3,5,7,9,11,13,14,15,19,20,21,22,23,24,25,27,28,29,30,31,32,34,35,38,39,40},e=0
50^7=>{1,4,6,7,10,11,16,19,22,23,24,25,28,29,30,33,34,35,36,38,40,41},e=0
51^7=>{1,2,4,7,8,11,12,13,14,15,17,20,21,23,24,27,29,34,35,37,38,39,40,42},e=0
52^7=>{1,3,6,7,12,13,14,15,16,17,23,24,25,26,31,32,33,34,35,36,37,38,39,40,41},e=0
53^7=>{1,2,7,10,12,13,14,17,18,19,20,22,24,25,26,30,32,34,35,37,38,39,40,41,43},e=0
54^7=>{1,5,6,7,9,12,13,14,15,16,18,19,22,24,27,29,30,31,33,34,35,37,39,40,41,42,43},e=0
55^7=>{1,2,3,5,6,8,12,16,19,20,21,23,24,25,27,28,29,32,33,34,36,37,38,39,40,41,42,44},e=0
56^7=>{1,3,5,6,7,10,11,12,13,14,18,19,20,22,23,24,25,27,31,35,36,37,38,39,40,41,42,43,44},e=0
57^7=>{1,5,7,8,9,11,12,13,14,17,18,19,20,21,22,23,24,25,26,27,30,31,33,34,35,37,38,39,40,42,43,44,45},e=0
58^7=>{1,2,5,6,7,10,13,14,15,16,17,18,20,22,23,25,28,29,30,33,34,35,36,37,39,40,41,42,43,45,46},e=0
59^7=>{1,3,6,8,9,13,18,19,21,23,28,29,32,33,34,36,37,38,39,41,42,43,44,45,47},e=0
60^7=>{1,5,6,11,13,16,17,20,23,24,26,27,31,32,33,35,36,37,38,39,40,41,42,43,45,46,47},e=0
61^7=>{1,3,5,6,14,17,23,24,25,26,27,28,29,30,32,33,34,35,36,39,40,41,42,43,44,45,47,48},e=0
62^7=>{1,2,5,8,9,10,11,12,13,14,15,16,18,19,21,23,24,25,27,28,30,31,33,34,38,39,40,41,42,43,44,45,46,47,48},e=0
63^7=>{1,2,3,8,9,13,17,18,20,22,23,25,26,29,30,33,34,35,36,38,39,40,41,42,43,44,46,47,48,49},e=0
64^7=>{1,2,6,8,14,18,19,21,22,23,24,26,27,28,30,31,32,33,34,35,36,37,38,39,40,41,42,44,45,46,47,49,50},e=0
65^7=>{1,2,3,5,6,8,9,10,13,15,19,26,27,28,30,32,34,35,36,37,38,39,40,41,42,44,45,46,47,48,49,50},e=0
66^7=>{1,2,4,6,8,12,13,16,17,19,21,22,24,26,28,30,31,32,33,34,36,37,39,40,41,42,43,44,45,46,48,49,50,51},e=0
67^7=>{1,4,6,8,9,10,14,16,17,20,24,28,29,31,34,36,37,38,39,40,41,42,44,45,46,47,48,50,51,52},e=0
