3^7=>{1,2},e=2058
4^7=>{1,2,3},e=14068
5^7=>{1,2,3,4},e=59425
6^7=>{1,2,3,4,5},e=183111
7^7=>{1,2,3,4,5,6},e=446782
8^7=>{1,2,3,4,5,6,7},e=896848
9^7=>{1,2,3,4,5,6,7,8},e=1485513
10^7=>{1,2,3,4,5,6,7,8,9},e=1919575
11^7=>{1,2,3,4,5,6,7,8,9,10},e=1406746
12^7=>{8,9,10,11},e=-535484
13^7=>{7,8,9,11,12},e=-274126
14^7=>{8,9,12,13},e=-46942
15^7=>{6,10,11,12,14},e=-153044
16^7=>{7,9,10,11,13,15},e=-266119
17^7=>{6,8,9,10,11,14,16},e=-157515
18^7=>{3,4,5,8,10,11,12,14,15,16},e=-1130
19^7=>{4,6,7,8,10,16,18},e=-764
20^7=>{6,9,11,12,13,14,15,16,18},e=-58768
21^7=>{5,8,10,12,13,17,20},e=-5734
22^7=>{4,8,11,12,14,15,16,18,20},e=-2994
23^7=>{5,6,7,8,9,10,11,15,17,18,19,20},e=-13268
24^7=>{3,8,11,12,13,15,21,22},e=-1215
25^7=>{4,6,7,9,10,12,13,17,19,20,23},e=-3391
26^7=>{3,5,7,8,9,11,12,16,21,22,23},e=-111
27^7=>{2,3,9,12,13,15,17,19,21,22,24},e=-46
28^7=>{3,5,6,9,10,11,12,15,16,17,19,20,21,22,25},e=-981
29^7=>{4,5,9,12,15,16,17,22,23,27},e=-3019
30^7=>{4,6,8,11,15,17,18,23,29},e=-479
31^7=>{4,5,6,9,13,17,20,21,27,28},e=-749
32^7=>{3,6,7,8,9,10,12,14,19,23,26,30},e=-93
33^7=>{4,6,9,10,13,14,15,21,25,32},e=-242
34^7=>{4,7,9,10,13,14,15,18,19,20,30,31},e=-30
35^7=>{3,4,5,7,8,11,12,13,16,18,22,23,24,26,27,32},e=-6
36^7=>{3,4,6,7,8,10,14,15,17,18,19,20,22,23,25,28,30,31},e=-12
37^7=>{4,5,7,10,13,14,17,18,21,25,27,28,31,32},e=-5
38^7=>{3,4,5,6,7,11,13,14,15,18,20,21,23,33,35},e=-22
39^7=>{2,4,6,7,11,12,13,15,16,18,19,20,21,22,28,29,30,32,33},e=-5
40^7=>{1,3,5,9,12,14,16,17,18,20,21,22,25,28,39},e=0
41^7=>{4,5,6,10,12,13,15,16,17,18,21,22,24,25,28,29,34,37},e=-1
42^7=>{10,11,15,18,19,21,23,26,36,39},e=-8
43^7=>{1,3,4,6,8,11,13,16,18,19,22,24,27,29,31,32,36,37},e=0
44^7=>{1,2,3,4,7,8,9,10,11,15,17,20,26,27,29,32,34,41},e=0
45^7=>{1,2,4,5,7,8,10,11,12,15,16,19,22,24,26,27,31,32,33,36,40},e=0
46^7=>{2,4,5,7,9,11,12,15,17,18,20,22,26,29,31,34,37,42},e=-1
47^7=>{1,5,6,7,8,12,13,16,17,18,20,22,25,30,34,35,36,38,40},e=0
48^7=>{1,3,4,5,6,9,11,13,14,17,18,19,20,21,23,24,31,34,36,38,39,40},e=0
49^7=>{1,3,6,7,10,11,12,13,14,15,16,17,18,19,21,23,26,28,30,33,34,36,37,40,41},e=0
50^7=>{1,2,4,5,7,8,9,11,12,13,16,17,19,21,22,23,24,25,26,27,29,30,38,40,41,42},e=0
51^7=>{2,4,5,8,9,10,11,14,15,16,19,20,22,23,25,26,27,29,30,31,32,34,35,36,37,38,40,41},e=0
52^7=>{1,4,7,9,10,11,15,17,18,19,20,21,22,24,25,27,31,32,36,38,41,42,44},e=0
53^7=>{1,2,3,4,6,9,13,14,16,17,19,20,22,23,24,25,26,28,29,30,31,34,36,38,42,43,44},e=0
54^7=>{1,3,5,6,12,13,15,16,19,20,21,22,23,24,25,26,27,28,30,31,33,34,39,40,41,43,45},e=0
55^7=>{5,6,8,12,14,17,20,23,28,29,30,35,37,39,40,41,45,46},e=0
56^7=>{1,2,3,4,5,6,7,8,9,12,13,16,18,20,21,22,23,24,25,27,28,29,33,36,38,39,40,44,45,46},e=0
57^7=>{1,3,5,6,7,9,10,11,13,14,19,20,23,24,31,32,34,36,40,43,45,46,47},e=0
58^7=>{2,6,7,9,12,13,15,18,19,20,23,24,28,31,35,36,41,42,43,45,46,47},e=0
59^7=>{1,2,3,5,10,12,14,16,17,18,19,21,22,24,25,27,28,36,37,41,42,44,46,47,48},e=0
60^7=>{5,9,10,11,15,17,19,20,21,23,24,25,26,27,28,32,34,36,38,41,42,43,47,48,49},e=0
61^7=>{6,8,9,10,11,17,22,25,27,29,31,32,34,36,39,40,41,43,45,47,48,49},e=0
62^7=>{4,7,8,11,12,13,15,17,18,21,23,26,28,30,32,34,35,38,41,43,44,45,48,49,50},e=0
63^7=>{3,4,5,6,10,11,12,13,14,16,17,18,20,22,25,26,28,29,31,32,36,37,39,41,43,44,45,49,50,51},e=0
64^7=>{3,4,5,6,10,11,13,14,15,18,20,21,22,23,25,26,27,28,29,31,33,36,37,38,40,41,44,45,46,49,50,52},e=0
65^7=>{2,3,5,8,9,11,12,13,14,15,18,19,23,24,25,27,28,31,32,41,42,43,45,46,48,50,51,52},e=0
66^7=>{6,7,8,9,10,11,12,14,15,16,19,21,22,23,24,26,27,29,31,35,37,40,41,42,46,47,48,51,52,53},e=0
67^7=>{1,6,8,9,10,11,12,15,16,18,19,20,21,22,24,26,27,29,32,34,37,39,42,43,44,47,48,49,51,52,53},e=0
68^7=>{3,4,5,6,8,9,13,14,15,18,19,20,22,23,24,26,27,28,30,31,32,33,36,37,38,40,41,43,44,47,48,49,52,53,54},e=0
69^7=>{4,5,8,10,13,15,18,19,20,25,29,32,33,36,37,39,41,44,46,48,49,50,53,54,55},e=0
70^7=>{2,5,6,8,9,11,12,15,17,18,19,22,24,30,31,35,37,39,40,41,44,45,46,49,50,51,53,54,55},e=0
