3^8=>{1,2},e=6304
4^8=>{1,2,3},e=58718
5^8=>{1,2,3,4},e=318271
6^8=>{1,2,3,4,5},e=1216637
7^8=>{1,2,3,4,5,6},e=3622206
8^8=>{1,2,3,4,5,6,7},e=8869820
9^8=>{1,2,3,4,5,6,7,8},e=18362109
10^8=>{1,2,3,4,5,6,7,8,9},e=32268667
11^8=>{1,2,3,4,5,6,7,8,9,10},e=46627548
12^8=>{1,2,3,4,5,6,7,8,9,10,11},e=47891482
13^8=>{1,2,3,4,5,6,7,8,9,10,11,12},e=3658811
14^8=>{8,11,12,13},e=-1059458
15^8=>{8,9,11,13,14},e=-2811970
16^8=>{9,11,14,15},e=-1117987
17^8=>{6,8,10,15,16},e=-557312
18^8=>{7,14,15,17},e=-241347
19^8=>{11,14,16,18},e=-21512768
20^8=>{1,2,3,5,6,10,11,12,15,16,17,18},e=6426
21^8=>{1,2,3,4,5,7,8,9,11,15,17,18,19},e=277080
22^8=>{7,9,11,14,16,18,21},e=-873156
23^8=>{1,2,3,4,6,7,8,11,13,15,16,17,20,21},e=126969
24^8=>{1,2,3,4,5,6,7,8,9,10,11,13,15,18,19,23},e=93718
25^8=>{4,9,10,11,12,13,14,15,16,17,20,24},e=-11524
26^8=>{1,2,3,6,7,8,9,10,11,13,18,20,21,22,23},e=21048
27^8=>{4,5,9,11,12,14,17,18,19,21,22,25},e=-614
28^8=>{4,5,6,9,10,11,12,13,14,17,18,21,24,26},e=-646
29^8=>{1,2,3,5,6,8,11,12,14,15,17,18,21,23,25,26},e=20568
30^8=>{5,8,15,18,21,22,23,24,25,26},e=-6597
31^8=>{4,6,7,8,16,18,22,27,29},e=-578
32^8=>{5,6,8,12,13,15,17,19,21,28,30},e=-902
33^8=>{4,6,8,11,16,17,20,26,27,28,29},e=-99
34^8=>{3,7,9,11,12,13,15,19,21,22,24,26,29,31},e=-202
35^8=>{1,3,6,7,8,9,10,11,14,15,16,17,18,19,21,22,26,29,33},e=118
36^8=>{1,2,3,5,6,7,12,14,15,16,17,19,21,26,27,31,33},e=341
37^8=>{4,5,6,12,14,15,16,21,23,24,25,26,27,28,29,30,32},e=-102
38^8=>{1,2,3,8,10,11,12,16,17,18,19,24,25,31,33,34},e=152
39^8=>{5,6,7,8,14,16,17,19,21,22,25,29,30,32,36},e=-326
40^8=>{1,3,5,6,8,9,10,11,12,13,14,15,16,19,20,22,23,28,31,32,34,35},e=53
41^8=>{2,3,4,6,7,8,13,14,16,17,18,24,25,26,27,28,30,32,35,36},e=-6
42^8=>{4,6,11,12,18,19,20,22,26,32,33,34,35,36},e=-36
43^8=>{2,9,14,15,17,18,19,20,23,25,26,30,31,32,33,36,38},e=-7
44^8=>{4,5,6,7,8,9,10,11,12,15,17,18,19,20,22,23,24,25,26,27,29,32,37,41},e=-13
45^8=>{2,6,9,13,15,17,18,19,25,26,28,30,31,32,33,34,35,41},e=-9
46^8=>{2,3,5,6,11,12,14,16,20,21,26,27,28,31,33,37,39,41},e=-10
47^8=>{5,7,9,11,12,14,17,21,23,24,28,29,32,34,35,37,44},e=-9
48^8=>{2,8,10,20,25,27,28,32,34,35,36,38,39,42},e=-4
49^8=>{4,5,6,10,13,14,19,22,23,25,27,29,30,31,32,34,37,38,39,40,41},e=-10
50^8=>{2,4,5,6,7,8,12,14,17,20,22,23,24,27,28,29,38,39,40,42,43},e=-8
51^8=>{2,4,6,9,12,16,17,19,22,23,24,30,35,36,38,42,43,44},e=-5
52^8=>{3,4,6,7,8,10,14,16,19,20,24,26,28,29,31,33,36,37,39,40,41,42,44},e=-9
53^8=>{4,6,10,11,12,13,14,16,17,20,23,26,27,28,34,37,38,39,40,41,43,46},e=-8
54^8=>{2,6,7,12,13,14,18,21,22,23,24,26,30,32,36,38,47,50},e=-5
55^8=>{2,5,9,10,12,13,16,18,19,28,30,33,34,36,37,38,42,46,50},e=-5
56^8=>{2,5,8,12,13,16,18,19,20,22,26,27,32,36,38,40,44,48,50},e=-4
57^8=>{4,6,7,8,25,28,30,34,35,36,39,43,44,49,50},e=-5
58^8=>{2,6,7,8,9,10,16,18,20,24,27,34,35,36,38,42,46,49,52},e=-5
59^8=>{6,7,8,12,15,16,18,20,24,32,33,35,36,38,44,48,50,52},e=-3
60^8=>{2,7,8,16,18,20,22,26,28,30,32,34,35,36,39,47,48,50,53},e=-5
61^8=>{2,10,14,16,20,24,28,29,30,31,32,34,36,42,43,47,50,51,52},e=-4
