2^9=>{1},e=511
3^9=>{2,1},e=19170
4^9=>{3,2,1},e=241948
5^9=>{4,3,2,1},e=1670785
6^9=>{5,4,3,2,1},e=7842231
7^9=>{6,5,4,3,2,1},e=28040446
8^9=>{7,6,5,4,3,2,1},e=81550960
9^9=>{8,7,6,5,4,3,2,1},e=200535993
10^9=>{9,8,7,6,5,4,3,2,1},e=425695015
11^9=>{10,9,8,7,6,5,4,3,2,1},e=783642706
12^9=>{11,10,9,8,7,6,5,4,3,2,1},e=1227527676
13^9=>{12,11,10,9,8,7,6,5,4,3,2,1},e=1512466345
14^9=>{13,12,11,10,9,8,7,6,5,4,3,2,1},e=964514383
15^9=>{14,13,12,11},e=-339914825
16^9=>{15,14,12,11,10,9,8,7,6,5,4,3,2,1},e=523037549
17^9=>{16,15,13,10},e=-179458987
18^9=>{17,16,13,9,7,6,5,4,3,2,1},e=7350505
19^9=>{18,16,15,13,12,10,9,6,5,4,3,2,1},e=1557925
20^9=>{19,17,15,14,13,10,6,5,4,3,2,1},e=3207031
21^9=>{20,18,16,13,12},e=-563000248
22^9=>{20,19,18,17,15,13,12,10,9,7},e=-1060048
23^9=>{22,20,16,13,11,8,7,6,5,4,3,2,1},e=14635375
24^9=>{22,21,20,16,15,14,9,7,6},e=-3458836
25^9=>{23,22,21,13,10,9,5,4,3,2,1},e=1184462
26^9=>{24,22,21,19,18,17,16,15,14,13,12,11,9,8,7,5,4,3,2,1},e=1672135
27^9=>{26,23,19,15,14,13,11,8,7,6,5},e=-8610
28^9=>{26,24,23,20,17,16,12,10,9,8,5,4,3,2,1},e=1065478
