3^9=>{1,2},e=19170
4^9=>{1,2,3},e=241948
5^9=>{1,2,3,4},e=1670785
6^9=>{1,2,3,4,5},e=7842231
7^9=>{1,2,3,4,5,6},e=28040446
8^9=>{1,2,3,4,5,6,7},e=81550960
9^9=>{1,2,3,4,5,6,7,8},e=200535993
10^9=>{1,2,3,4,5,6,7,8,9},e=425695015
11^9=>{1,2,3,4,5,6,7,8,9,10},e=783642706
12^9=>{1,2,3,4,5,6,7,8,9,10,11},e=1227527676
13^9=>{1,2,3,4,5,6,7,8,9,10,11,12},e=1512466345
14^9=>{1,2,3,4,5,6,7,8,9,10,11,12,13},e=964514383
15^9=>{11,12,13,14},e=-339914825
16^9=>{1,2,3,4,5,6,7,8,9,10,11,12,14,15},e=523037549
17^9=>{10,13,15,16},e=-179458987
18^9=>{1,2,3,4,5,6,7,9,13,16,17},e=7350505
19^9=>{1,2,3,4,5,6,9,10,12,13,15,16,18},e=1557925
20^9=>{1,2,3,4,5,6,10,13,14,15,17,19},e=3207031
21^9=>{12,13,16,18,20},e=-563000248
22^9=>{7,9,10,12,13,15,17,18,19,20},e=-1060048
23^9=>{1,2,3,4,5,6,7,8,11,13,16,20,22},e=14635375
24^9=>{6,7,9,14,15,16,20,21,22},e=-3458836
25^9=>{1,2,3,4,5,9,10,13,21,22,23},e=1184462
26^9=>{1,2,3,4,5,7,8,9,11,12,13,14,15,16,17,18,19,21,22,24},e=1672135
27^9=>{5,6,7,8,11,13,14,15,19,23,26},e=-8610
28^9=>{1,2,3,4,5,8,9,10,12,16,17,20,23,24,26},e=1065478
29^9=>{1,2,3,4,5,6,11,13,14,16,19,24,25,27},e=703509
30^9=>{1,2,3,4,7,9,10,12,15,17,18,19,21,27,28},e=454217
31^9=>{1,2,3,4,5,7,10,11,15,17,18,20,21,24,27,29},e=50007
32^9=>{1,2,3,6,7,8,10,14,15,21,25,26,28,29},e=92987
33^9=>{1,2,3,4,6,7,12,13,20,21,24,26,28,31},e=28725
34^9=>{1,2,3,4,5,6,10,11,12,14,16,23,26,27,28,32},e=334074
35^9=>{1,2,3,4,5,6,8,9,12,14,16,18,19,20,22,23,26,27,31,32},e=135757
36^9=>{1,2,3,5,8,9,10,11,14,16,17,20,22,25,29,30,31,32},e=381
37^9=>{1,2,3,5,8,12,14,15,17,18,19,21,23,25,26,28,30,31,34},e=19685
38^9=>{1,2,3,4,5,8,9,10,11,14,15,17,18,19,21,22,23,27,28,29,31,36},e=1485
39^9=>{1,6,7,8,9,10,14,19,21,23,25,26,27,29,31,33,36},e=134
40^9=>{6,7,8,10,12,17,21,22,24,27,29,30,32,35,36},e=-456
41^9=>{1,2,5,6,11,12,15,16,18,19,23,26,27,28,30,31,33,35,37},e=1916
42^9=>{3,4,5,7,8,9,11,12,14,15,16,19,21,22,24,26,28,29,34,35,36,37},e=-703
43^9=>{7,10,12,13,14,15,18,19,25,27,30,39,40},e=-166
44^9=>{3,4,5,6,9,10,12,14,18,21,23,25,27,29,32,33,35,36,41},e=-699
45^9=>{2,6,8,10,11,16,18,19,21,24,29,30,32,34,37,38,41},e=-241
46^9=>{2,4,5,6,7,8,9,11,12,14,15,16,18,19,21,23,24,29,30,32,36,37,39,42},e=-23
47^9=>{1,2,4,7,11,14,15,18,26,27,30,31,32,33,36,38,39,43},e=0
48^9=>{2,5,7,9,10,12,15,21,23,24,25,28,30,32,33,34,35,40,41,43},e=-1
49^9=>{1,2,5,6,7,9,10,11,13,16,18,19,20,22,24,26,27,29,30,31,32,33,36,37,41,42,43},e=-1
50^9=>{1,2,5,7,8,9,10,12,13,14,15,17,18,23,24,26,28,29,31,32,34,35,37,41,43,45},e=1
51^9=>{1,2,6,8,11,16,17,18,19,21,22,25,27,28,30,33,35,39,41,49},e=53
52^9=>{1,3,4,5,7,8,9,10,16,17,19,22,23,25,26,27,29,30,31,32,33,34,35,37,38,41,43,48},e=-1
53^9=>{1,2,3,4,8,9,11,13,14,15,20,22,23,26,28,29,32,33,42,43,46,48},e=1
54^9=>{1,4,5,6,8,9,11,13,14,15,16,19,20,21,22,25,26,29,31,32,34,38,39,40,41,42,45,49},e=-1
55^9=>{1,3,4,5,6,10,14,16,18,24,26,27,31,34,35,36,37,38,39,40,41,45,47,48},e=0
56^9=>{1,2,3,4,5,6,11,12,13,14,15,16,18,21,22,27,30,32,34,35,36,37,38,39,42,44,49,50},e=0
57^9=>{1,2,3,5,6,7,8,9,10,19,20,21,22,25,26,27,30,32,33,34,35,38,40,42,48,54},e=0
58^9=>{1,2,3,5,9,10,12,17,20,22,23,28,30,34,36,37,40,41,42,43,44,45,46,48,50},e=0
59^9=>{1,4,5,8,11,13,14,16,17,18,19,24,30,31,32,34,38,41,45,48,49,50,51},e=0
60^9=>{1,2,3,4,5,7,10,14,15,18,20,21,24,25,27,30,31,32,33,35,37,39,40,41,42,43,44,47,48,49,53},e=0
61^9=>{1,4,5,7,11,15,17,19,20,24,29,30,33,37,40,45,46,47,48,50,51,52},e=0
62^9=>{1,2,3,4,6,9,10,11,13,14,15,20,21,22,23,25,26,27,28,30,32,37,38,39,43,45,47,48,49,50,51,53},e=0
63^9=>{1,3,5,6,7,8,12,13,15,16,17,18,21,22,23,24,25,26,28,29,35,37,40,41,42,44,45,46,47,50,51,52,54},e=0
64^9=>{1,3,4,7,8,10,14,15,17,19,23,25,26,30,31,35,36,37,39,40,41,45,47,50,51,52,53,55},e=0
65^9=>{1,2,3,5,6,8,9,12,13,14,15,17,19,22,23,25,27,28,29,31,33,38,39,42,43,44,45,46,47,49,50,51,52,53,54},e=0
66^9=>{1,2,3,7,9,12,14,15,16,17,19,20,21,22,24,26,27,28,29,30,32,33,34,39,40,42,43,44,45,47,49,50,52,53,55,56},e=0
67^9=>{1,8,10,12,14,15,16,18,20,26,27,28,30,34,36,38,39,40,41,42,43,44,46,49,50,52,53,54,55,56},e=0
68^9=>{1,2,3,4,5,7,9,10,13,14,17,18,23,24,26,27,29,34,36,37,38,39,41,42,45,46,47,49,50,51,52,53,54,55,57},e=0
69^9=>{1,2,5,10,15,19,22,24,30,31,36,38,39,41,42,47,48,50,51,52,53,54,55,56,58},e=0
70^9=>{1,2,3,5,9,10,11,13,14,18,19,24,33,36,37,38,39,40,42,45,48,49,50,51,53,54,55,56,57,58},e=0
71^9=>{1,6,10,12,14,15,16,21,23,25,26,28,29,30,32,33,38,40,41,42,43,44,45,48,50,51,52,53,54,55,57,58,59},e=0
