3^9=>{1,2},e=19170
4^9=>{1,2,3},e=241948
5^9=>{1,2,3,4},e=1670785
6^9=>{1,2,3,4,5},e=7842231
7^9=>{1,2,3,4,5,6},e=28040446
8^9=>{1,2,3,4,5,6,7},e=81550960
9^9=>{1,2,3,4,5,6,7,8},e=200535993
10^9=>{1,2,3,4,5,6,7,8,9},e=425695015
11^9=>{1,2,3,4,5,6,7,8,9,10},e=783642706
12^9=>{1,2,3,4,5,6,7,8,9,10,11},e=1227527676
13^9=>{1,2,3,4,5,6,7,8,9,10,11,12},e=1512466345
14^9=>{1,2,3,4,5,6,7,8,9,10,11,12,13},e=964514383
15^9=>{11,12,13,14},e=-339914825
16^9=>{13,14,15},e=-989428796
17^9=>{10,13,15,16},e=-179458987
18^9=>{8,9,13,16,17},e=-74200455
19^9=>{7,9,10,12,13,15,16,18},e=-26482521
20^9=>{7,10,13,14,15,17,19},e=-24833415
21^9=>{12,13,16,18,20},e=-563000248
22^9=>{7,9,10,12,13,15,17,18,19,20},e=-1060048
23^9=>{9,11,13,16,20,22},e=-185900618
24^9=>{6,7,9,14,15,16,20,21,22},e=-3458836
25^9=>{6,10,11,12,14,15,17,18,19,20,21,23},e=-2518961
26^9=>{6,7,8,9,11,12,13,14,15,16,17,18,19,21,22,24},e=-6170096
27^9=>{5,6,7,8,11,13,14,15,19,23,26},e=-8610
28^9=>{6,8,9,10,12,16,17,20,23,24,26},e=-6776753
29^9=>{7,9,15,16,20,21,22,24,25,26},e=-2383536
30^9=>{5,6,7,8,18,19,20,24,26,28},e=-762911
31^9=>{5,6,7,9,10,11,14,15,17,19,21,22,23,27,29},e=-959064
32^9=>{4,6,7,8,10,14,15,21,25,26,28,29},e=-148961
33^9=>{5,6,8,9,10,11,12,13,17,18,20,21,28,29,30},e=-637224
34^9=>{6,12,13,15,17,19,20,22,23,28,30,31},e=-517942
35^9=>{5,8,9,10,11,13,14,15,22,25,27,30,33},e=-143047
36^9=>{3,5,6,9,12,14,16,18,19,20,23,24,25,28,32,33},e=-6101
37^9=>{5,6,7,9,14,16,18,21,22,24,25,26,29,30,32,33},e=-39580
38^9=>{7,8,9,16,17,19,21,22,23,24,28,30,31,36},e=-28543
39^9=>{2,6,7,8,9,10,14,19,21,23,25,26,27,29,31,33,36},e=-377
40^9=>{3,6,8,15,16,18,20,23,26,27,30,33,35,36},e=-9256
41^9=>{5,6,12,14,15,19,21,22,23,24,26,28,29,30,31,32,39},e=-3725
42^9=>{3,8,9,13,15,16,17,18,22,23,25,26,27,28,29,30,33,37,38},e=-8775
43^9=>{7,10,12,13,14,15,18,19,25,27,30,39,40},e=-166
44^9=>{3,4,5,6,9,10,12,14,18,21,23,25,27,29,32,33,35,36,41},e=-699
45^9=>{3,5,6,9,12,13,18,21,22,23,24,25,26,29,32,36,40,41},e=-700
46^9=>{3,5,7,9,12,14,15,19,24,27,29,31,33,35,37,39,42},e=-1025
47^9=>{2,6,9,12,13,15,16,19,20,21,22,25,27,28,29,35,36,38,41,42},e=-379
48^9=>{3,4,5,6,8,14,16,17,18,19,20,21,22,23,24,25,28,29,31,32,34,36,40,41,43},e=-1
49^9=>{2,5,6,7,9,10,11,13,16,18,19,20,22,24,26,27,29,30,31,32,33,36,37,41,42,43},e=0
50^9=>{2,4,5,7,9,14,16,17,19,20,22,24,25,30,34,35,37,39,41,47},e=-217
51^9=>{7,8,9,11,12,13,14,15,17,19,20,21,22,23,24,26,27,29,31,32,36,38,44,48},e=-75
52^9=>{2,4,5,7,10,14,15,17,18,19,20,23,25,27,30,33,34,37,40,44,49},e=-1
53^9=>{2,3,4,7,10,14,15,17,20,21,22,23,26,33,42,43,51},e=0
54^9=>{2,3,4,5,7,8,9,10,14,17,18,19,20,23,24,25,26,27,29,38,46,52},e=-132
55^9=>{2,6,9,11,12,14,16,17,18,20,22,24,26,27,28,29,31,32,34,36,40,42,46,47,49},e=-133
56^9=>{2,4,7,8,9,10,11,13,17,18,19,20,21,22,25,26,28,29,30,31,32,33,34,38,43,44,54},e=-2
57^9=>{4,5,6,9,11,12,16,17,19,20,21,26,29,32,34,35,41,44,46,50,51},e=-21
58^9=>{2,4,5,6,9,11,17,18,19,21,22,24,25,26,28,29,31,37,40,46,47,49,53},e=-1
59^9=>{1,3,6,8,10,11,14,15,16,17,21,23,25,27,28,31,34,41,42,44,47,52,53},e=0
60^9=>{1,4,8,12,13,15,17,19,21,22,24,26,27,28,32,36,38,39,51,53,54},e=0
61^9=>{2,3,5,6,8,10,11,15,17,18,21,22,23,24,25,26,27,28,30,31,35,37,39,41,43,48,49,52,55},e=0
62^9=>{2,3,5,8,11,12,13,16,17,19,20,21,22,23,24,25,26,28,30,31,32,37,38,40,42,45,46,49,50,53,54},e=0
63^9=>{1,3,4,5,6,7,11,12,15,18,19,20,22,23,24,26,27,28,30,31,32,33,34,36,37,39,42,47,50,52,53,56},e=0
64^9=>{1,2,3,4,6,8,11,12,13,14,15,16,17,20,25,27,28,33,34,36,39,40,44,45,49,50,51,55,56},e=0
65^9=>{1,2,3,7,12,16,18,19,21,23,24,26,27,28,29,32,35,36,37,45,48,50,51,54,55,56},e=0
66^9=>{1,2,3,4,5,9,11,15,16,17,18,20,21,23,24,26,27,28,29,30,32,33,34,36,37,41,46,49,51,52,53,55,58},e=0
67^9=>{1,4,5,6,7,8,9,10,11,13,14,15,20,21,22,23,25,26,27,28,29,30,31,33,34,35,36,37,40,41,47,48,49,51,53,55,56,57},e=0
68^9=>{1,3,4,8,14,16,17,20,21,22,24,25,27,28,29,30,33,36,40,41,42,44,47,50,51,57,58,60},e=0
69^9=>{3,7,8,9,13,14,16,22,23,28,32,35,37,41,44,48,49,50,53,54,55,58,60},e=0
70^9=>{2,4,5,6,7,10,12,17,18,20,21,22,25,29,30,31,39,44,45,46,51,52,54,55,56,59,60},e=0
71^9=>{3,6,10,20,21,23,29,31,33,35,36,40,41,43,44,47,49,52,53,55,59,60,61},e=0
72^9=>{3,6,7,12,13,18,19,20,21,22,24,26,28,29,30,34,37,38,39,44,45,48,55,56,57,59,60,62},e=0
73^9=>{3,6,7,8,10,11,13,16,17,18,20,21,23,24,26,28,29,30,33,37,38,40,43,50,51,52,53,55,58,60,61,62},e=0
74^9=>{1,2,9,10,11,12,14,16,17,18,20,21,29,31,32,36,37,38,43,44,46,49,51,56,57,58,61,62,63},e=0
75^9=>{5,6,8,12,13,14,15,16,19,21,22,23,24,26,27,28,29,30,31,32,34,35,36,37,38,39,46,52,53,54,57,58,59,61,62,63},e=0
76^9=>{1,5,6,8,11,14,16,18,19,22,25,26,29,33,37,41,51,52,53,55,57,58,60,62,63,64},e=0
77^9=>{3,4,5,7,9,11,12,15,20,21,23,24,25,26,27,29,30,31,32,33,34,36,37,38,40,41,42,43,46,47,49,51,54,55,56,59,60,63,64,65},e=0
78^9=>{2,3,10,11,13,16,17,18,19,22,23,24,26,27,28,29,30,31,33,34,36,37,38,40,42,44,47,50,51,53,56,57,58,60,61,62,64,66},e=0
79^9=>{1,3,6,17,18,19,22,26,29,31,32,37,39,47,48,49,51,52,53,56,57,58,61,62,64,65,66},e=0
80^9=>{4,5,6,7,8,9,10,13,14,17,18,21,23,26,31,33,39,40,43,44,47,48,51,53,55,56,58,60,61,62,65,66,67},e=0
81^9=>{5,11,13,14,18,20,21,22,24,25,27,29,30,36,37,38,40,42,44,46,50,51,52,55,56,58,61,62,63,66,67,68},e=0
82^9=>{2,5,6,7,9,10,12,15,16,17,21,22,24,25,29,30,31,34,35,37,38,41,42,50,51,52,54,58,59,60,62,63,64,66,67,68},e=0
83^9=>{2,5,6,10,11,12,15,16,18,19,20,24,25,29,33,37,42,45,47,48,49,53,54,58,59,60,63,64,65,67,68,69},e=0
84^9=>{1,2,3,6,7,8,10,11,12,13,15,18,20,21,22,23,25,31,35,36,38,42,43,45,47,50,51,52,55,56,57,59,61,63,64,65,68,69,70},e=0
85^9=>{1,3,5,8,12,13,16,17,20,24,26,28,31,32,33,43,46,47,49,52,54,56,57,58,60,61,62,65,66,69,70,71},e=0
86^9=>{2,3,4,6,7,9,15,16,20,23,25,28,29,32,34,39,47,50,52,53,56,57,58,60,61,62,65,66,67,69,70,71},e=0
87^9=>{4,5,6,7,11,12,14,16,18,20,21,22,23,25,26,29,33,34,35,39,40,41,46,47,48,52,54,55,58,59,60,62,63,64,67,68,70,71,72},e=0
88^9=>{1,2,3,6,10,12,13,16,17,18,19,23,24,27,29,30,32,33,36,37,39,40,42,44,46,47,51,52,56,58,59,62,63,64,66,67,68,71,72,73},e=0
89^9=>{6,7,14,15,18,20,22,24,25,27,29,31,33,34,37,39,41,44,47,48,49,53,54,56,57,58,60,62,64,65,66,68,69,70,73,74},e=0
90^9=>{1,2,5,6,7,8,10,11,12,14,15,17,18,19,22,23,24,25,26,27,28,34,36,38,40,41,49,50,52,53,55,56,57,60,61,63,64,65,68,69,70,72,73,74},e=0
91^9=>{2,4,7,8,9,11,13,14,15,16,17,18,21,22,23,25,26,27,28,30,32,34,36,38,42,46,48,49,51,54,55,56,59,60,61,63,64,65,69,70,71,73,74,75},e=0
92^9=>{2,4,6,7,8,10,11,12,14,15,17,22,24,25,26,27,35,43,44,45,50,51,52,55,56,58,60,61,62,64,65,66,69,70,71,74,75,76},e=0
93^9=>{1,3,6,7,9,10,11,12,19,22,24,25,26,27,29,30,34,38,42,44,48,52,53,54,56,57,59,61,62,63,66,67,68,70,71,72,74,75,76},e=0
94^9=>{2,3,4,6,8,9,10,12,16,18,20,22,23,24,25,26,27,29,35,38,40,43,46,47,48,51,52,55,56,58,59,60,63,64,66,67,68,71,72,73,75,76,77},e=0
95^9=>{1,2,3,7,8,9,11,12,16,18,20,21,24,25,27,28,29,30,32,33,34,35,36,42,44,49,52,53,55,57,59,60,63,64,65,67,68,69,71,72,73,76,77,78},e=0
96^9=>{3,5,8,10,11,13,14,16,17,19,21,22,23,24,26,30,33,34,35,39,40,42,45,48,49,51,53,54,55,58,59,60,63,64,65,67,68,69,72,73,74,77,78,79},e=0
97^9=>{1,2,3,7,11,12,15,16,19,20,25,27,30,32,37,38,39,42,44,48,49,51,55,56,57,59,60,61,64,65,66,69,70,71,73,74,75,77,78,79},e=0
98^9=>{2,3,4,5,7,8,9,10,11,12,13,15,16,17,20,23,25,30,31,35,36,38,40,41,46,47,52,53,55,57,58,59,61,62,63,65,67,69,70,71,74,75,76,78,79,80},e=0
